1	1	1	2	3	4	5	6	7	8	9	10	11	12	13	14	15	16	17	18	19	20
1	1	3033	4116	4304	4028	4452	4795	4882	4618	4613	4377	4364	4395	4296	4524	4502	4490	4387	4255	4091	3975
1	1	3543	3996	4304	3961	4343	4692	4705	4602	4475	4325	4235	4235	4167	4351	4383	4342	4214	4096	3908	3826
1	1	3370	4116	4304	4042	4405	4634	4657	4467	4500	4213	4198	4137	4148	4228	4316	4244	4126	3962	3819	3745
1	1	3199	3996	4304	4180	4462	4551	4630	4382	4445	4169	4198	4119	4090	4230	4275	4282	4175	3981	3844	3715
1	1	3031	4111	4115	4103	4395	4741	4791	4568	4624	4405	4406	4374	4314	4477	4514	4490	4381	4199	4115	3996
1	1	3370	3871	4026	4031	4334	4643	4652	4534	4541	4304	4302	4270	4225	4358	4426	4360	4274	4098	4005	3840
1	1	3199	4111	4030	4022	4286	4633	4571	4552	4469	4274	4216	4166	4065	4257	4310	4283	4190	4018	3911	3745
1	1	3202	3863	4119	3884	4395	4540	4625	4405	4469	4130	4112	4094	4058	4240	4229	4197	4126	3954	3826	3689
1	1	3204	4232	4390	4037	4451	4752	4759	4658	4581	4378	4314	4304	4276	4471	4514	4477	4370	4198	4015	3975
1	1	3543	3865	4204	4100	4342	4742	4754	4624	4503	4338	4302	4220	4186	4354	4438	4321	4298	4104	3926	3832
1	1	3375	3985	4030	3957	4399	4649	4711	4653	4473	4311	4247	4226	4128	4347	4389	4315	4239	4058	3896	3784
1	1	3546	3869	4128	3966	4399	4693	4705	4579	4520	4344	4283	4260	4134	4343	4386	4327	4258	4056	3927	3785
1	1	3033	3986	4114	4103	4279	4649	4754	4568	4515	4338	4376	4288	4263	4464	4444	4412	4311	4176	4037	3923
1	1	3541	3866	4034	4032	4341	4693	4711	4534	4551	4299	4308	4295	4147	4342	4423	4373	4281	4087	3954	3859
1	1	3199	3990	4207	4032	4394	4635	4711	4574	4545	4259	4278	4310	4192	4407	4417	4373	4245	4071	3933	3845
1	1	3199	3994	4122	4032	4341	4542	4716	4579	4515	4237	4290	4266	4191	4389	4414	4392	4270	4089	3948	3864
2	2	3348	4386	4697	4490	4955	5350	5448	5430	5435	5221	5263	5218	5120	5318	5423	5417	5376	5245	5173	5138
2	2	3687	4390	4697	4428	4960	5394	5577	5441	5488	5255	5244	5224	5107	5348	5463	5463	5365	5241	5210	5146
2	2	3517	4506	4693	4566	5021	5350	5572	5509	5573	5255	5299	5247	5152	5340	5496	5464	5399	5237	5188	5107
2	2	3519	4262	4613	4499	5079	5408	5529	5441	5440	5261	5281	5224	5139	5261	5415	5411	5312	5169	5121	5062
2	2	3690	4386	4786	4575	5079	5511	5539	5542	5529	5306	5373	5284	5209	5427	5512	5456	5401	5283	5225	5141
2	2	3685	4386	4693	4647	5069	5550	5625	5672	5615	5356	5477	5388	5267	5489	5542	5515	5465	5328	5295	5206
2	2	3346	4386	4613	4637	4946	5443	5605	5464	5459	5243	5220	5199	5172	5346	5449	5406	5304	5186	5142	5046
2	2	3347	4252	4605	4494	4893	5189	5476	5346	5279	5102	5202	5071	5012	5176	5311	5346	5282	5161	5095	5020
2	2	3347	4012	4601	4498	4893	5238	5423	5380	5376	5129	5220	5165	5057	5223	5404	5386	5293	5161	5128	5042
2	2	3344	4263	4512	4565	4893	5243	5352	5351	5309	5114	5159	5086	5025	5235	5349	5327	5210	5130	5079	5003
2	2	3178	4387	4525	4498	4916	5307	5496	5436	5380	5233	5196	5165	5056	5307	5363	5384	5248	5122	5107	5039
2	2	3523	4387	4796	4579	5197	5453	5635	5502	5601	5358	5410	5429	5306	5439	5579	5591	5497	5369	5339	5306
2	2	3693	4387	4876	4722	5135	5448	5716	5683	5626	5486	5545	5568	5364	5567	5645	5663	5591	5457	5418	5378
2	2	3691	4387	4694	4703	5069	5395	5648	5521	5520	5404	5398	5363	5224	5451	5507	5491	5458	5256	5225	5157
2	2	3862	4384	4776	4581	5077	5444	5539	5486	5595	5318	5417	5391	5286	5497	5608	5617	5550	5432	5351	5325
2	2	3517	4264	4505	4714	5063	5346	5609	5554	5572	5410	5392	5360	5242	5470	5565	5568	5477	5364	5317	5270
2	2	3344	4388	4425	4567	4905	5346	5491	5459	5428	5181	5263	5218	5069	5289	5398	5372	5305	5177	5107	5092
2	2	3178	4388	4607	4500	5077	5356	5577	5362	5434	5238	5263	5231	5114	5344	5378	5455	5331	5216	5138	5112
2	2	3517	4384	4691	4571	5077	5453	5592	5520	5475	5367	5417	5306	5216	5474	5545	5565	5545	5370	5339	5294
2	2	3344	4261	4603	4567	5081	5444	5716	5520	5523	5333	5417	5391	5306	5514	5608	5650	5621	5393	5443	5374
2	2	3176	4268	4603	4500	5124	5336	5652	5504	5572	5327	5386	5360	5236	5453	5558	5548	5483	5354	5323	5285
2	2	3686	4386	4523	4642	5010	5499	5648	5491	5506	5328	5393	5388	5255	5478	5541	5515	5425	5339	5272	5252
2	2	3512	4382	4785	4571	4958	5391	5433	5577	5447	5282	5252	5199	5126	5381	5436	5413	5334	5218	5158	5119
2	2	3347	4262	4692	4575	5015	5298	5438	5340	5320	5209	5160	5127	5114	5206	5255	5295	5200	5088	5016	4958
2	2	3686	4386	4612	4647	5006	5347	5491	5351	5434	5175	5178	5177	5062	5259	5368	5372	5289	5162	5101	5012
2	2	3518	4386	4790	4642	4905	5357	5582	5436	5481	5199	5295	5187	5106	5314	5426	5456	5379	5265	5211	5114
2	2	3688	4386	4790	4566	5077	5455	5615	5480	5559	5322	5399	5350	5273	5419	5535	5515	5460	5339	5308	5202
2	2	3688	4386	4785	4508	5072	5455	5534	5504	5583	5261	5289	5316	5203	5359	5459	5456	5371	5279	5248	5161
2	2	3003	4253	4506	4494	5058	5288	5379	5385	5362	5191	5172	5115	5043	5227	5303	5349	5203	5090	5085	4972
2	2	3345	4129	4417	4485	4830	5239	5336	5358	5230	5051	5050	5090	4947	5115	5185	5142	5073	4975	4905	4804
2	2	3345	4129	4422	4342	4839	5249	5341	5171	5313	5041	5074	4995	4883	5063	5155	5094	5080	4898	4854	4768
2	2	3342	4129	4515	4347	4953	5347	5400	5261	5396	5176	5197	5086	4953	5153	5222	5263	5169	5065	5022	4921
2	2	3174	4137	4604	4427	4948	5347	5534	5340	5474	5176	5203	5134	5043	5242	5325	5321	5253	5139	5128	5027
2	2	3345	4384	4604	4565	4896	5342	5566	5351	5487	5170	5221	5206	5088	5281	5364	5367	5317	5180	5168	5045
2	2	3348	4384	4608	4494	4958	5293	5491	5424	5366	5154	5178	5168	5087	5201	5311	5347	5258	5145	5095	5019
2	2	3517	4253	4607	4568	4834	5342	5385	5244	5254	5000	5068	5055	4915	5096	5153	5149	5013	4930	4865	4749
2	2	3517	4145	4687	4564	4881	5283	5380	5194	5207	4911	4970	4941	4826	4949	4999	4993	4948	4798	4725	4658
2	2	3517	4628	4518	4488	4772	5190	5337	5131	5152	4978	4946	4929	4768	4925	4984	4986	4918	4773	4737	4602
2	2	3514	4257	4691	4416	4824	5229	5332	5250	5237	4978	4977	4872	4755	4931	4999	4979	4936	4726	4704	4585
2	2	3346	4257	4603	4421	4781	5146	5309	5261	5127	4996	5001	4910	4844	4993	5046	5068	4979	4825	4777	4671
2	2	3517	4257	4598	4497	4957	5298	5476	5345	5349	5097	5130	5092	5004	5140	5279	5225	5127	4975	4902	4826
2	2	3519	4261	4510	4568	5010	5357	5438	5395	5402	5121	5185	5174	5055	5201	5311	5275	5235	5068	4997	4934
2	2	3347	4132	4418	4344	4825	5131	5204	5199	5117	5028	4934	4900	4794	4906	4992	4962	4888	4761	4689	4618
2	2	3344	4252	4418	4411	4768	5136	5285	5165	5020	4872	4915	4884	4743	4860	4950	4883	4830	4675	4634	4531
2	2	3176	4128	4423	4344	4758	5180	5231	5183	5092	4921	4964	4910	4730	4916	4912	4916	4834	4683	4612	4512
2	2	3347	4132	4507	4411	4649	5126	5151	5031	5092	4832	4903	4787	4679	4795	4810	4838	4764	4629	4539	4494
2	2	3344	4259	4423	4349	4729	5107	5219	5103	5132	4948	4940	4916	4742	4934	4964	4932	4891	4755	4702	4640
2	2	3176	4379	4520	4492	5015	5390	5444	5339	5379	5217	5142	5120	5005	5199	5228	5237	5128	5027	4997	4886
2	2	3347	4263	4689	4501	5015	5297	5525	5350	5348	5217	5234	5174	5049	5241	5346	5308	5223	5117	5043	5019
3	3	3021	4239	4495	4192	4602	4978	5150	4993	5088	4831	4904	4763	4638	4849	4908	4901	4858	4724	4674	4570
3	3	3197	4231	4411	4325	4825	5115	5198	5106	5063	4880	4898	4851	4728	4913	4966	4940	4905	4767	4765	4632
3	3	3539	3987	4491	4187	4768	5022	5230	5067	5118	4785	4867	4751	4677	4877	4944	4927	4869	4739	4664	4644
3	3	3542	4111	4318	4268	4764	5071	5150	5072	5016	4837	4879	4820	4696	4843	4963	4913	4841	4737	4640	4609
3	3	3707	4111	4402	4401	4702	5071	5193	5101	5058	4914	4922	4858	4766	4890	5020	4991	4905	4807	4725	4690
3	3	3365	4119	4313	4263	4654	5071	5188	5033	5094	4791	4842	4792	4747	4896	5005	4998	4894	4792	4716	4675
3	3	3371	4363	4318	4339	4764	5086	5160	5112	5094	4865	4910	4877	4779	4919	5033	5030	4930	4854	4750	4707
3	3	3710	4239	4411	4406	4716	5228	5289	5117	5094	4916	4953	4883	4817	4951	5073	5081	5007	4912	4820	4804
3	3	3711	4365	4592	4405	4822	5174	5322	5192	5208	4972	4970	4977	4844	5101	5118	5128	5035	4938	4859	4778
3	3	3372	4242	4579	4329	4703	5110	5177	5091	5113	4914	4909	4789	4716	4852	4992	4941	4880	4730	4685	4590
3	3	3542	4238	4321	4258	4646	4969	5048	4934	4963	4767	4756	4710	4607	4718	4793	4791	4774	4609	4511	4482
3	3	3542	4114	4499	4262	4655	5018	5059	4939	4950	4724	4780	4757	4613	4773	4860	4848	4757	4623	4551	4506
3	3	3537	4122	4490	4329	4760	5008	5134	4973	5083	4853	4891	4836	4735	4865	4938	4940	4845	4693	4664	4580
3	3	3201	4365	4304	4258	4646	4920	5054	4928	5005	4801	4817	4782	4684	4759	4886	4856	4780	4660	4597	4526
3	3	3545	4238	4135	4262	4651	5022	5096	4894	4969	4706	4762	4675	4588	4724	4799	4843	4750	4660	4587	4487
3	3	3708	4114	4312	4329	4708	5062	5102	4939	4958	4746	4780	4704	4613	4765	4850	4856	4750	4654	4597	4518
3	3	3540	4114	4307	4259	4648	5067	5187	5085	5077	4920	4884	4880	4754	4931	4977	5005	4922	4805	4767	4708
3	3	3369	4114	4223	4264	4648	5009	5134	4876	4969	4789	4780	4714	4652	4823	4795	4863	4792	4669	4614	4548
3	3	3372	4114	4324	4335	4653	4926	5058	4825	4975	4645	4743	4632	4581	4713	4790	4822	4739	4607	4557	4466
3	3	3545	4118	4582	4349	4720	5077	5170	5044	5040	4809	4903	4805	4747	4862	4967	4996	4848	4774	4670	4591
3	3	3716	4245	4409	4558	4834	5136	5369	5207	5214	4971	5062	4953	4882	4973	5124	5134	5007	4937	4838	4772
3	3	3713	4358	4498	4483	4824	5219	5235	5219	5149	4926	4921	4943	4786	4918	5050	5004	4970	4838	4776	4701
3	3	3542	3994	4502	4411	4715	5072	5202	5033	4981	4876	4841	4792	4721	4826	4944	4978	4882	4743	4661	4590
3	3	3540	4245	4586	4411	4772	5072	5278	5112	5064	4965	4903	4890	4785	4933	4963	5029	4954	4860	4771	4665
3	3	3541	4114	4492	4406	4706	5265	5225	5221	5160	4880	4977	4965	4824	5012	5114	5058	5023	4904	4812	4771
3	3	3371	4114	4399	4330	4639	5015	5086	5018	5035	4767	4775	4733	4619	4782	4907	4850	4774	4681	4608	4556
3	3	3371	4118	4315	4254	4544	4981	5005	4984	4944	4706	4701	4723	4548	4731	4805	4842	4746	4640	4548	4470
3	3	3371	4242	4404	4192	4777	5128	5079	5040	5069	4776	4818	4827	4702	4839	4921	4983	4866	4762	4691	4628
3	3	3371	4242	4404	4339	4834	5128	5326	5169	5183	4978	4952	4918	4836	4999	5064	5126	5038	4922	4865	4770
3	3	3368	4242	4399	4406	4824	5118	5235	5232	5208	4972	5014	4921	4926	5050	5154	5121	5114	4937	4862	4780
3	3	3200	4242	4323	4334	4710	5020	5187	5108	5124	4926	4983	4808	4766	4961	5002	5037	5023	4862	4791	4705
3	3	3371	4238	4581	4325	4706	5015	5139	5046	5041	4841	4818	4789	4715	4871	4904	4986	4846	4766	4718	4602
3	3	3376	4368	4492	4349	4828	5117	5267	5185	5203	4965	4964	4943	4785	5043	5126	5115	5054	4916	4858	4827
3	3	3717	4244	4407	4549	4766	5025	5100	5072	5083	4880	4891	4786	4708	4931	4987	4986	4894	4739	4715	4635
3	3	3715	4252	4492	4335	4718	5083	5153	5134	5023	4803	4842	4868	4721	4873	4957	4913	4865	4743	4648	4629
3	3	3541	4496	4415	4349	4833	5186	5249	5291	5123	4956	4928	5000	4803	4945	5030	5029	4985	4891	4770	4754
3	3	3376	4372	4682	4563	4837	5230	5330	5297	5309	5063	5056	5085	4944	5052	5155	5178	5127	5011	4941	4859
3	3	3717	4372	4678	4549	4890	5186	5298	5325	5322	5084	5068	5078	4977	5098	5194	5250	5114	4984	4980	4890
3	3	3715	4368	4593	4344	4833	5225	5368	5236	5184	5017	4970	5031	4887	5080	5090	5153	5067	4976	4934	4842
3	3	3541	4244	4669	4473	4833	5117	5229	5135	5197	4987	4928	4915	4817	4965	5008	5057	4995	4848	4809	4755
3	3	3372	3994	4396	4334	4771	5073	5244	5083	5070	4904	4921	4918	4780	4915	5033	5023	4907	4858	4779	4735
3	3	3370	4118	4315	4334	4766	5088	5292	5202	5184	4943	5019	4952	4837	5034	5085	5133	4997	4873	4825	4803
3	3	3202	4118	4493	4339	4718	5234	5335	5202	5226	4989	5068	4999	4959	5115	5204	5166	5103	4961	4888	4849
3	3	3375	4118	4493	4401	4833	5234	5335	5202	5250	5050	5148	5072	4908	5074	5215	5152	5103	4965	4876	4820
3	3	3546	4122	4493	4268	4833	5229	5320	5207	5195	5005	5081	5015	4837	5111	5121	5166	5097	4939	4922	4820
3	3	3546	4241	4489	4410	4828	5181	5206	5236	5292	4949	5038	5002	4940	5126	5164	5140	5085	4955	4910	4814
3	3	3543	4118	4400	4406	4766	5171	5315	5157	5203	4986	4964	4933	4825	4983	5120	5095	5047	4912	4849	4755
3	3	3372	4118	4396	4334	4704	5063	5132	5124	5067	4806	4878	4851	4742	4852	4947	4973	4858	4759	4729	4616
4	4	3347	4257	4332	4419	4887	5233	5369	5206	5250	4943	5031	4992	4942	5102	5181	5200	5173	5024	4908	4855
4	4	3349	4141	4505	4415	4830	5174	5235	5200	5172	4958	4926	4894	4827	4965	5026	5031	5001	4812	4743	4659
4	4	3517	4381	4412	4339	4811	5057	5167	5128	5096	4822	4810	4787	4712	4832	4936	4905	4833	4637	4614	4471
4	4	3341	4129	4319	4258	4568	4847	4921	4859	4805	4578	4497	4485	4393	4534	4616	4544	4511	4303	4248	4108
4	4	3002	4005	4226	4111	4388	4695	4663	4616	4553	4324	4283	4139	4117	4274	4294	4258	4196	4023	3894	3761
4	4	3510	4254	4409	4324	4859	5054	5200	5157	5121	4826	4762	4797	4629	4841	4956	4926	4873	4697	4589	4531
4	4	3171	4130	4236	4043	4459	4799	4851	4780	4727	4416	4406	4419	4264	4393	4467	4433	4357	4149	4023	3978
4	4	3339	4130	4324	4119	4454	4706	4803	4616	4528	4371	4308	4237	4117	4274	4294	4277	4173	4019	3882	3767
4	4	3171	4134	4324	4186	4402	4746	4755	4572	4619	4291	4271	4180	4040	4174	4215	4212	4084	3924	3812	3661
4	4	3339	4258	4316	4115	4449	4643	4712	4538	4505	4236	4235	4174	4021	4157	4230	4199	4031	3891	3739	3618
4	4	3516	4121	4227	4105	4502	4887	4873	4752	4703	4482	4492	4398	4329	4490	4487	4494	4396	4287	4180	4041
4	4	3337	3874	4130	3962	4273	4579	4605	4397	4326	4127	4069	3967	3919	4066	4096	4111	3970	3830	3653	3485
4	4	2833	3874	3957	3967	4269	4442	4509	4391	4229	4038	3947	3938	3816	3972	3990	4007	3870	3677	3504	3363
4	4	3345	3881	4050	4038	4221	4544	4443	4368	4318	4118	3983	3970	3841	3997	4027	4025	3925	3741	3529	3399
4	4	3348	4121	4138	4047	4345	4593	4620	4492	4426	4185	4167	4124	3957	4110	4161	4154	4025	3830	3678	3540
4	4	3343	4125	4307	4113	4444	4686	4783	4599	4589	4415	4358	4290	4130	4302	4318	4324	4230	4040	3936	3812
4	4	3335	4001	3960	4103	4277	4540	4568	4436	4290	4134	4008	3995	3854	4079	4102	4090	3911	3711	3595	3463
4	4	2828	4001	4146	3961	4344	4544	4578	4402	4246	4084	3984	3963	3905	4044	4042	4090	3936	3735	3617	3435
4	4	3167	4001	4311	3961	4449	4603	4664	4452	4432	4173	4155	4070	3995	4097	4146	4096	4019	3807	3696	3536
4	4	3002	4001	4044	3965	4330	4686	4659	4515	4462	4100	4082	4035	3944	4115	4191	4110	4024	3805	3641	3517
5	5	3526	3991	3944	3658	4153	4268	4366	4090	4003	3831	3722	3666	3540	3691	3746	3696	3561	3358	3169	3035
5	5	3353	3871	4198	3729	4153	4278	4280	4169	3972	3825	3704	3666	3592	3674	3695	3695	3591	3397	3175	3060
5	5	3184	3999	3940	3738	4149	4371	4296	4174	4014	3804	3771	3672	3604	3729	3775	3773	3645	3426	3221	3143
5	5	3355	4115	4117	3890	4096	4327	4430	4208	4061	3883	3802	3706	3655	3840	3902	3831	3710	3465	3304	3207
5	5	3355	3875	4113	4019	4149	4376	4457	4169	4128	3938	3796	3735	3649	3810	3884	3825	3733	3488	3294	3209
5	5	3355	4115	4024	3800	4096	4371	4318	4163	4086	3865	3759	3728	3605	3774	3808	3781	3667	3480	3227	3142
5	5	3355	3871	4024	3734	4153	4322	4242	4140	4056	3837	3741	3706	3547	3746	3790	3721	3609	3432	3212	3093
5	5	3358	3995	4020	3810	4158	4317	4339	4264	4097	3877	3814	3747	3630	3823	3881	3786	3704	3494	3237	3199
5	5	3526	3991	3935	3886	4201	4268	4409	4293	4111	3899	3857	3791	3630	3827	3890	3799	3728	3502	3285	3205
5	5	3180	3863	4016	3802	4149	4215	4317	4080	4003	3758	3691	3590	3573	3661	3689	3702	3584	3340	3170	3020
5	5	3183	3740	3851	3730	4092	4215	4226	4074	3973	3773	3691	3568	3503	3644	3716	3702	3583	3323	3164	3041
5	5	3353	3743	4105	3726	4092	4220	4193	4040	4014	3684	3698	3609	3522	3680	3731	3696	3543	3342	3167	3043
5	5	3351	3860	3847	3668	4082	4269	4274	4090	4028	3764	3734	3653	3496	3734	3710	3689	3590	3385	3206	3033
5	5	3180	3616	4016	3878	3973	4274	4236	4158	3906	3831	3759	3597	3515	3751	3716	3728	3626	3356	3185	3070
5	5	3180	3740	3851	3806	4039	4313	4269	4085	4039	3831	3728	3603	3592	3721	3737	3735	3626	3342	3170	3068
5	5	3177	3747	4109	3811	4149	4225	4193	4130	3978	3849	3734	3650	3605	3729	3762	3767	3644	3416	3201	3122
5	5	3012	3995	3927	3878	4096	4328	4284	4180	4056	3938	3765	3735	3656	3846	3860	3818	3715	3476	3295	3193
5	5	3353	3991	3842	3811	4139	4372	4322	4254	4086	3859	3771	3716	3656	3840	3890	3851	3750	3459	3328	3209
5	5	3353	3989	4109	3951	4035	4323	4193	4169	4050	3763	3759	3637	3592	3675	3756	3768	3590	3401	3212	3055
5	5	3182	3865	4021	3813	4087	4328	4290	4169	4056	3824	3728	3653	3585	3698	3807	3735	3620	3362	3194	3062
5	5	3182	3861	4029	3875	4039	4367	4360	4163	4081	3797	3728	3602	3566	3692	3771	3742	3596	3346	3173	3070
5	5	3179	3741	4194	3741	4153	4274	4242	4124	3997	3836	3734	3631	3592	3687	3779	3709	3584	3364	3240	3043
5	5	3011	3869	3919	3884	4149	4318	4327	4124	3948	3858	3765	3637	3592	3745	3756	3735	3602	3408	3236	3008
5	5	3187	3989	3750	3879	4096	4274	4322	4119	4086	3815	3765	3653	3592	3698	3813	3761	3614	3391	3191	3012
5	5	3523	3865	3932	3817	4153	4328	4290	4079	4056	3931	3759	3621	3592	3698	3804	3787	3650	3410	3215	3087
5	5	3182	3861	4025	3960	4158	4367	4381	4090	4086	3836	3734	3734	3598	3730	3847	3806	3668	3465	3264	3153
5	5	3182	3737	4109	3955	4197	4269	4418	4169	4050	3852	3759	3716	3611	3828	3834	3800	3709	3457	3221	3120
5	5	3013	3495	3840	3736	4091	4216	4278	4130	4003	3723	3788	3625	3502	3704	3721	3729	3602	3369	3190	3035
5	5	3181	3858	3933	3807	4082	4231	4273	4164	3972	3785	3721	3603	3534	3715	3758	3729	3590	3375	3184	3035
5	5	3013	3614	4017	3807	3977	4368	4241	4119	4008	3757	3690	3637	3553	3675	3730	3729	3567	3398	3169	3028
5	5	3183	3742	3928	3807	4091	4270	4321	4085	4020	3797	3697	3659	3528	3698	3715	3729	3602	3414	3181	3020
5	5	3186	3870	3928	3807	4086	4270	4278	4119	4080	3824	3721	3644	3540	3717	3743	3742	3608	3414	3206	3047
5	5	3357	3994	3933	3807	4029	4275	4284	4090	4014	3797	3697	3694	3592	3762	3764	3768	3632	3408	3203	3076
5	5	3354	3994	4017	3807	4034	4329	4316	4175	4056	3830	3739	3659	3598	3700	3764	3748	3656	3410	3246	3114
5	5	3189	3998	3928	3812	4091	4373	4235	4209	4080	3842	3795	3650	3630	3817	3776	3813	3698	3478	3294	3182
5	5	3525	4118	3933	3888	4091	4324	4289	4175	4020	3897	3764	3722	3649	3811	3837	3832	3750	3509	3309	3145
5	5	3357	3870	3934	3951	4093	4270	4326	4169	4038	3836	3769	3660	3586	3735	3825	3735	3626	3397	3225	3041
5	5	3020	4110	4018	3808	4084	4280	4321	4169	3966	3864	3794	3631	3560	3746	3840	3761	3619	3414	3230	3043
5	5	3362	3866	3934	3813	3974	4368	4283	4153	3983	3818	3751	3631	3560	3705	3818	3762	3602	3408	3182	3014
5	5	3359	3986	4022	3875	4045	4270	4321	4040	4080	3757	3696	3631	3566	3728	3812	3710	3602	3379	3212	3014
5	5	3189	3858	4031	3737	4207	4275	4283	4074	4014	3791	3720	3638	3586	3735	3797	3729	3608	3352	3206	3039
5	5	3183	3738	4196	3813	4098	4319	4321	4045	4055	3803	3696	3666	3579	3765	3812	3748	3626	3368	3216	3109
5	5	2850	3862	3934	3884	4150	4275	4273	4130	4086	3864	3733	3678	3650	3788	3797	3794	3650	3393	3283	3126
5	5	3357	3858	4014	3875	4093	4324	4235	4164	4055	3830	3763	3716	3618	3788	3818	3767	3709	3465	3279	3109
5	5	3015	3735	3841	3737	4088	4314	4278	4130	4091	3824	3739	3631	3598	3782	3806	3794	3667	3476	3234	3120
5	5	3020	3738	3933	3733	4140	4274	4240	4079	4038	3784	3696	3575	3566	3722	3791	3737	3631	3375	3185	3014
5	5	3365	3866	4017	3737	3987	4313	4321	4090	3983	3757	3733	3632	3592	3705	3791	3697	3584	3398	3182	3007
5	5	3533	3994	3937	3813	4207	4225	4278	4163	4086	3796	3763	3645	3579	3729	3778	3762	3608	3402	3206	3006
5	5	3362	4102	4119	3880	4092	4318	4288	4124	4055	3824	3751	3689	3540	3722	3730	3787	3625	3375	3185	3041
5	5	3359	3618	4203	3804	4102	4274	4374	4124	4086	3796	3696	3638	3592	3693	3727	3794	3625	3391	3182	3062
5	5	3194	3990	4114	3737	4216	4328	4379	4135	4055	3842	3720	3679	3585	3682	3797	3768	3631	3398	3219	3076
5	5	3533	3990	4114	3813	4211	4372	4412	4203	4086	3903	3708	3730	3553	3735	3831	3794	3655	3420	3246	3082
5	5	3359	3990	4114	3880	4159	4318	4326	4129	4050	3857	3794	3701	3547	3759	3873	3762	3667	3430	3258	3097
5	5	3186	3990	4106	3813	4211	4279	4336	4169	4050	3802	3763	3701	3617	3752	3861	3794	3643	3420	3213	3097
5	5	3528	3616	4100	3803	4151	4265	4317	4120	4038	3790	3715	3688	3566	3705	3785	3756	3643	3408	3197	3050
5	5	3013	3860	3758	3732	4098	4221	4236	4080	3971	3784	3654	3631	3579	3722	3770	3756	3631	3392	3206	3005
5	5	2842	3740	4024	3727	4151	4265	4274	4080	4002	3751	3654	3625	3540	3705	3785	3756	3631	3392	3191	3040
5	5	2844	3860	4020	3670	4089	4211	4247	4075	3977	3751	3672	3603	3579	3716	3770	3737	3596	3392	3185	3061
5	5	3018	3736	3940	3879	4036	4172	4365	4046	4043	3757	3758	3625	3528	3669	3778	3685	3643	3392	3176	3076
5	5	3189	3740	4109	3799	4089	4269	4274	4120	4013	3784	3715	3603	3534	3675	3742	3711	3619	3392	3197	3069
5	5	3191	3863	3931	3670	4032	4274	4236	4080	4043	3769	3666	3625	3566	3699	3776	3736	3601	3385	3212	3049
5	5	3359	3871	3931	3884	4041	4318	4279	4080	4013	3863	3733	3603	3566	3711	3812	3756	3614	3387	3212	3034
5	5	3189	4111	3935	3875	4151	4260	4284	4080	4055	3830	3764	3631	3495	3752	3785	3756	3655	3437	3218	3047
5	5	3361	3986	4119	3732	4037	4338	4290	4118	4048	3796	3758	3665	3618	3747	3824	3801	3690	3447	3255	3070
5	5	3193	3862	4119	3741	4104	4470	4366	4090	4048	3836	3739	3665	3586	3817	3839	3787	3678	3427	3243	3055
5	5	3361	3866	4115	3893	4218	4328	4285	4163	4043	3869	3795	3665	3560	3805	3806	3801	3690	3441	3212	3068
5	5	3196	3986	4026	4022	4204	4372	4328	4124	4024	3863	3764	3659	3566	3752	3776	3775	3672	3392	3231	3090
5	5	3532	3862	4022	3813	4042	4323	4318	4118	4115	3824	3764	3637	3598	3722	3812	3762	3666	3392	3264	3076
5	5	3190	3858	3937	3879	4151	4318	4237	4095	4007	3802	3758	3659	3611	3698	3803	3781	3648	3392	3227	3076
5	5	3190	3735	4030	3813	4094	4274	4280	4208	4018	3869	3727	3637	3560	3711	3839	3775	3660	3410	3218	3076
5	5	3188	3735	4115	3879	4094	4318	4280	4163	4084	3863	3739	3659	3566	3764	3806	3762	3684	3454	3240	3070
5	5	3020	3742	4030	3808	4099	4274	4285	4124	4048	3830	3807	3643	3598	3788	3769	3794	3648	3437	3243	3055
5	5	3188	3736	3931	3733	4095	4269	4231	4153	4001	3724	3751	3664	3592	3704	3790	3762	3624	3403	3272	3076
5	5	3014	3864	3850	3743	4091	4269	4236	4040	3982	3785	3696	3652	3586	3734	3790	3781	3624	3436	3218	3064
5	5	2846	3980	4024	3885	4034	4274	4284	4074	4084	3769	3727	3614	3567	3751	3790	3775	3624	3436	3227	3041
5	5	3017	3732	3935	3881	4034	4313	4327	4045	4037	3864	3715	3686	3580	3721	3790	3762	3624	3418	3218	3049
5	5	3020	3732	3935	3809	4043	4215	4322	4113	3971	3825	3666	3623	3528	3691	3790	3775	3636	3362	3227	3035
5	5	3190	3740	3935	3805	4148	4220	4274	4034	4007	3791	3727	3595	3547	3674	3797	3755	3659	3364	3205	3054
5	5	3193	3980	3931	3733	4038	4269	4236	4050	4018	3791	3721	3620	3618	3716	3824	3780	3630	3426	3215	3091
5	5	3361	3732	3850	3738	4100	4269	4290	4169	4090	3803	3702	3721	3586	3780	3833	3852	3654	3447	3269	3076
5	5	3190	3732	4028	3809	4152	4274	4376	4163	4073	3870	3764	3658	3579	3763	3797	3833	3659	3420	3248	3089
6	6	3528	3866	4114	3961	4227	4382	4428	4257	4261	3917	3946	3838	3821	3970	4119	4081	3974	3701	3526	3347
6	6	3357	4106	4025	3961	4284	4436	4481	4268	4285	3957	3958	3863	3841	4006	4119	4074	3956	3690	3530	3316
6	6	3360	3858	4029	3961	4288	4490	4567	4363	4236	4008	4019	3982	3846	4072	4132	4132	3993	3744	3600	3408
6	6	3525	3862	4118	3966	4341	4539	4557	4460	4380	4109	4019	3992	3956	4136	4180	4178	4081	3837	3655	3534
6	6	3186	3990	4118	4042	4284	4539	4471	4308	4369	4097	4013	3907	3879	4100	4177	4120	4022	3808	3627	3497
6	6	3357	4110	4114	4100	4279	4529	4466	4347	4297	4018	3976	3913	3879	4041	4073	4055	3979	3744	3572	3461
6	6	3354	3990	4029	3895	4231	4436	4438	4353	4291	3981	3958	3935	3879	4000	4016	4036	3909	3674	3530	3370
6	6	3183	4110	4114	4037	4346	4490	4572	4403	4283	4149	4038	3938	3885	4049	4074	4067	3958	3750	3618	3478
6	6	3183	3982	4034	4033	4346	4534	4615	4471	4458	4149	4123	4055	3911	4130	4171	4140	4063	3841	3700	3563
6	6	3007	3857	4120	3889	4158	4427	4379	4331	4130	3910	3836	3802	3797	4005	4009	4037	3855	3701	3475	3331
6	6	3007	3853	4124	3961	4168	4378	4422	4218	4130	3892	3836	3790	3732	3941	4016	3978	3855	3684	3484	3345
6	6	3012	3733	4209	3965	4282	4393	4443	4279	4158	3827	3867	3771	3821	4002	4074	4067	3951	3733	3530	3402
6	6	3351	3857	4107	4037	4282	4530	4594	4421	4327	4023	4001	3941	3938	4130	4189	4140	4038	3847	3664	3507
6	6	3180	3857	3854	4023	4277	4432	4427	4302	4255	3983	3910	3928	3771	4065	4115	4056	3926	3766	3594	3411
6	6	3183	3857	4107	3827	4230	4432	4465	4297	4255	3938	3903	3865	3713	3994	4022	4030	3908	3678	3514	3318
6	6	3348	3861	3849	4103	4344	4437	4427	4263	4249	3889	3885	3837	3700	4000	4070	4023	3915	3655	3487	3316
6	6	3012	3985	4027	3961	4344	4491	4480	4308	4230	4008	3959	3856	3796	4024	4123	4074	3957	3688	3576	3395
6	6	3351	3985	4027	3956	4344	4525	4556	4347	4338	4090	4014	3941	3950	4037	4191	4107	4015	3814	3658	3486
6	6	3180	4107	4119	3951	4172	4490	4474	4262	4218	3990	3983	3899	3886	3988	4079	4037	3956	3752	3548	3372
6	6	3183	3980	4123	3817	4334	4529	4507	4301	4248	3990	3970	3865	3784	3965	4037	3965	3950	3740	3532	3361
6	6	3356	3860	4208	3960	4229	4441	4431	4301	4224	4002	3934	3868	3802	4003	4081	4028	3969	3750	3576	3366
6	6	3522	3980	4119	3955	4343	4534	4517	4301	4290	4064	4044	3978	3861	4131	4198	4140	4051	3834	3645	3498
6	6	3177	3864	4115	3879	4334	4480	4507	4296	4248	4006	3977	3837	3784	4071	4098	4068	3974	3746	3542	3438
6	6	3012	4107	4026	3822	4224	4427	4421	4256	4212	3883	3934	3837	3765	4005	4088	4056	3932	3705	3511	3334
6	6	3351	3980	4026	4031	4272	4382	4431	4256	4218	3963	3885	3849	3707	3941	3982	3977	3873	3651	3511	3281
6	6	3185	3860	4026	3955	4172	4431	4522	4273	4271	4048	3958	3925	3802	3996	4038	4067	3952	3733	3566	3393
6	6	3522	3984	4026	3893	4338	4436	4565	4386	4362	4143	4013	4003	3886	4114	4217	4159	4057	3853	3691	3540
6	6	3014	3859	4105	3962	4106	4430	4422	4261	4171	3923	3872	3837	3809	4001	4101	4056	3944	3740	3496	3351
6	6	3355	3978	3848	3953	4230	4430	4427	4295	4177	3997	3884	3843	3777	4006	4031	4018	3902	3694	3499	3359
6	6	3350	3851	4034	3815	4339	4435	4475	4271	4224	4024	3952	3884	3757	3960	4010	3984	3891	3680	3493	3370
6	6	3016	3739	4203	3891	4277	4489	4518	4395	4285	3991	3988	3941	3802	4035	4022	4050	3921	3729	3548	3422
6	6	3526	4106	4029	3958	4230	4537	4518	4429	4230	4003	4013	3922	3873	3971	4065	4023	3944	3723	3533	3413
6	6	3355	3986	4118	3891	4344	4528	4513	4384	4326	4058	3995	3849	3841	3995	4059	4043	3915	3713	3533	3422
6	6	3358	4106	4122	3967	4334	4444	4480	4356	4260	4003	4025	3906	3815	4007	4037	3997	3945	3736	3533	3401
6	6	3526	3982	4211	4047	4244	4591	4571	4429	4307	4082	3915	3938	3840	4073	4069	4068	3986	3783	3582	3430
6	6	3358	3986	4211	4176	4515	4596	4609	4395	4368	4143	4099	4054	3936	4125	4175	4159	4016	3841	3685	3525
6	6	3355	3852	4028	3962	4215	4435	4420	4346	4290	4057	3952	3865	3809	3965	4031	3985	3891	3723	3533	3359
6	6	3350	3852	4024	3958	4162	4479	4420	4335	4248	3996	3970	3849	3771	3971	4004	3979	3902	3701	3521	3351
6	6	3008	3852	3935	3886	4229	4430	4436	4261	4218	4024	3921	3912	3751	3995	4001	3966	3897	3684	3509	3378
6	6	3014	3856	3943	3895	4343	4430	4554	4306	4248	3990	3970	3934	3867	3982	4053	3979	3914	3666	3542	3376
6	6	3353	3976	4117	4024	4329	4445	4468	4340	4218	3990	3921	3906	3822	3954	4016	3960	3873	3641	3524	3322
6	6	3182	3848	4024	3810	4162	4582	4463	4295	4237	3984	3970	3887	3841	4012	4031	3966	3896	3695	3536	3353
6	6	3179	3724	3935	3815	4210	4479	4425	4256	4140	3944	3909	3802	3822	3965	4004	3979	3854	3662	3472	3324
6	6	3008	3728	3939	3891	4115	4425	4468	4261	4218	3929	3915	3827	3853	3978	4001	3978	3880	3680	3475	3368
6	6	3014	3856	4032	3958	4329	4381	4468	4301	4254	4030	3940	3941	3867	4012	4065	4037	3985	3723	3585	3451
6	6	3353	3859	4114	3958	4271	4425	4377	4301	4327	3950	3964	3852	3726	3928	3967	3927	3795	3613	3442	3291
6	6	3351	4110	4029	3891	4162	4386	4425	4307	4249	3956	3890	3792	3758	3917	4022	3985	3837	3668	3445	3274
6	6	3183	4222	4127	3962	4224	4494	4463	4346	4224	3996	3995	3912	3802	3964	4058	3992	3908	3691	3515	3347
6	6	3353	3855	4300	3958	4285	4577	4430	4341	4285	4030	4044	3940	3873	3977	4031	3999	3896	3701	3558	3430
6	6	3351	3979	4203	3891	4347	4440	4516	4307	4213	4024	3976	3928	3841	4030	4016	3978	3879	3703	3537	3393
6	6	3185	3979	4029	3967	4386	4533	4511	4346	4207	3996	3939	3859	3809	4041	4043	4043	3926	3740	3567	3388
6	6	3522	3975	4118	4033	4162	4474	4468	4341	4171	4018	3909	3796	3771	3975	4046	4038	3884	3683	3472	3326
6	6	3185	3859	4118	3958	4214	4381	4463	4301	4166	3962	3909	3786	3726	3924	3995	3978	3856	3641	3457	3295
6	6	3524	4102	4118	3886	4167	4430	4420	4307	4147	4018	3921	3884	3770	3994	4056	4056	3974	3714	3540	3337
7	7	3522	4256	4690	4571	4963	5330	5605	5469	5451	5250	5296	5284	5139	5399	5424	5458	5394	5261	5235	5190
7	7	3519	4376	4508	4633	5053	5188	5418	5391	5320	5180	5191	5076	5024	5237	5311	5317	5274	5172	5130	5075
7	7	3348	4252	4415	4486	4763	5232	5294	5120	5170	4966	4971	4906	4864	5054	5122	5116	5073	4999	4948	4914
7	7	3354	4248	4331	4419	4720	5178	5322	5160	5140	4905	4940	4906	4832	4977	5059	5096	5043	4927	4917	4835
7	7	3690	4132	4419	4486	4891	5125	5213	5165	5170	4950	4940	4919	4813	4960	5077	5102	4995	4917	4853	4815
7	7	3351	4376	4424	4414	4891	5090	5385	5205	5146	5024	4959	4976	4851	5003	5141	5128	5003	4945	4884	4800
7	7	3522	4248	4512	4414	4891	5232	5375	5205	5218	5051	5044	4957	4896	5067	5122	5135	5090	4948	4853	4788
7	7	3519	4132	4508	4414	4882	5169	5289	5199	5195	4994	4983	4859	4833	4980	5009	5033	4916	4791	4715	4671
7	7	3867	4505	4782	4709	5192	5584	5610	5542	5612	5356	5399	5387	5285	5481	5606	5555	5506	5405	5411	5372
7	7	3862	4505	4604	4566	5064	5281	5466	5368	5445	5238	5252	5180	5113	5296	5365	5401	5310	5217	5216	5181
7	7	3517	4501	4592	4557	4879	5183	5332	5244	5267	5095	4970	4985	4914	5101	5164	5188	5120	5026	5002	4963
7	7	3349	4373	4342	4410	4712	5183	5279	5199	5056	4871	4934	4884	4831	4977	5065	5083	5037	4917	4914	4850
7	7	3523	4253	4693	4343	4778	5178	5198	5154	5098	4932	4909	4934	4799	4953	5067	5110	5037	4915	4871	4802
7	7	3693	4373	4604	4419	4888	5144	5246	5131	5151	4899	4946	4912	4780	4953	5010	5064	4971	4859	4834	4746
7	7	3696	4253	4609	4486	4845	5285	5305	5255	5259	4929	4983	4953	4818	4985	5050	5051	4960	4861	4831	4742
7	7	3867	4377	4689	4414	5007	5232	5413	5283	5254	5085	4995	5004	4857	5064	5082	5039	4988	4880	4807	4744
7	7	3516	4370	4698	4567	5192	5554	5707	5632	5618	5401	5460	5476	5310	5506	5665	5665	5602	5471	5420	5404
7	7	3348	4250	4703	4571	5073	5485	5578	5474	5510	5322	5460	5366	5266	5428	5568	5555	5489	5417	5344	5335
7	7	3521	4374	4779	4634	5006	5290	5558	5452	5493	5231	5295	5240	5157	5310	5488	5445	5346	5294	5237	5240
7	7	3689	4370	4517	4482	4892	5275	5381	5295	5368	5102	5209	5164	5016	5272	5336	5362	5269	5191	5124	5109
7	7	3516	4250	4597	4344	4887	5133	5333	5284	5243	5118	5068	5054	4934	5113	5226	5200	5155	5049	5002	4964
7	7	3342	4367	4419	4415	4825	5172	5280	5183	5129	4999	4970	4922	4799	5004	5091	5079	5001	4896	4864	4806
7	7	3177	4119	4432	4415	4768	5089	5209	5063	5110	4910	4952	4856	4792	4882	4947	4973	4924	4804	4737	4676
7	7	3518	4119	4690	4415	4782	5241	5348	5334	5224	4983	5019	4947	4875	4972	5038	5064	4966	4826	4797	4695
7	7	3694	4621	4615	4642	5082	5554	5727	5570	5605	5413	5454	5454	5342	5495	5662	5658	5580	5481	5430	5427
7	7	3526	4377	4788	4651	5144	5515	5765	5609	5671	5419	5460	5438	5323	5538	5662	5651	5586	5438	5372	5359
7	7	3692	4501	4704	4789	5192	5603	5727	5604	5630	5435	5473	5482	5330	5570	5650	5659	5579	5442	5406	5377
7	7	3353	4493	4784	4704	5073	5495	5739	5548	5565	5316	5368	5394	5215	5404	5558	5530	5459	5347	5307	5269
7	7	3523	4249	4598	4486	5002	5383	5471	5419	5368	5203	5270	5215	5042	5291	5363	5394	5299	5170	5128	5122
7	7	3526	4369	4416	4419	4825	5216	5375	5324	5237	5106	5056	5033	4928	5170	5228	5227	5173	5069	5023	4968
7	7	3694	4245	4336	4490	4768	5040	5289	5200	5110	4944	4921	4976	4780	4989	5040	5077	4972	4888	4835	4761
7	7	3521	4245	4517	4495	4768	5241	5294	5177	5224	4995	5019	4989	4831	5019	5001	5097	5014	4894	4832	4718
7	7	3521	4249	4514	4419	5072	5446	5582	5470	5480	5322	5374	5351	5215	5423	5561	5561	5502	5380	5363	5292
7	7	3350	4373	4607	4499	5024	5397	5625	5446	5558	5249	5350	5335	5195	5406	5485	5548	5485	5358	5338	5278
7	7	3358	4373	4700	4642	5129	5407	5635	5565	5605	5252	5399	5398	5246	5448	5486	5553	5515	5378	5384	5309
7	7	3862	4377	4784	4642	5024	5505	5706	5565	5666	5441	5466	5420	5323	5499	5609	5646	5567	5440	5417	5331
7	7	3355	4493	4691	4637	5139	5505	5567	5559	5571	5368	5331	5379	5202	5423	5512	5522	5455	5335	5305	5228
7	7	3700	4241	4598	4552	5120	5485	5471	5482	5410	5292	5239	5266	5094	5349	5432	5486	5376	5257	5216	5200
7	7	3868	4125	4514	4347	4887	5290	5385	5222	5302	5057	5086	5005	4953	5155	5268	5239	5168	5061	5002	5001
7	7	3694	4377	4603	4495	4834	5290	5395	5346	5308	5057	5092	4996	4914	5125	5141	5193	5073	4973	4926	4836
7	7	3529	4373	4604	4565	5019	5450	5581	5514	5547	5317	5441	5295	5278	5436	5533	5567	5520	5433	5353	5348
7	7	3526	4373	4604	4565	5067	5440	5614	5486	5522	5234	5374	5329	5252	5453	5488	5592	5491	5433	5365	5332
7	7	3360	4369	4608	4575	4967	5352	5533	5565	5600	5341	5361	5358	5259	5448	5570	5618	5533	5439	5408	5373
7	7	3699	4253	4688	4713	5138	5459	5591	5565	5636	5381	5466	5370	5297	5519	5628	5638	5598	5474	5426	5402
7	7	3526	4501	4515	4627	5119	5538	5700	5538	5607	5384	5490	5389	5304	5487	5575	5606	5525	5462	5359	5352
7	7	3358	4493	4599	4413	4881	5327	5508	5329	5399	5168	5257	5175	5068	5313	5394	5421	5316	5217	5188	5135
7	7	3529	4245	4511	4413	4772	5185	5336	5256	5230	4929	5037	4983	4862	5108	5140	5160	5163	4996	4977	4892
7	7	3531	4245	4511	4418	4838	5239	5336	5301	5314	5085	5153	5024	4959	5119	5146	5187	5115	4967	4935	4856
7	7	3530	4253	4788	4571	5017	5308	5592	5486	5408	5234	5294	5210	5117	5335	5460	5436	5360	5266	5234	5214
7	7	3698	4505	4788	4643	5074	5504	5716	5576	5569	5341	5429	5342	5232	5442	5536	5559	5497	5395	5323	5270
7	7	3530	4625	4784	4643	5088	5504	5673	5639	5666	5381	5484	5427	5296	5508	5579	5637	5550	5472	5365	5318
7	7	3698	4497	4699	4643	5250	5504	5663	5520	5588	5396	5429	5402	5322	5540	5554	5606	5573	5412	5371	5317
7	7	3522	4373	4784	4629	5131	5489	5562	5499	5512	5278	5282	5257	5176	5355	5432	5452	5411	5253	5249	5172
7	7	3188	4377	4678	4415	5051	5328	5407	5319	5237	5141	5123	5084	4958	5153	5261	5238	5168	5088	5041	5002
7	7	3700	4493	4340	4415	4784	5191	5218	5183	5127	4957	4957	4962	4829	5025	5131	5140	5098	4969	4917	4868
7	7	3698	4249	4690	4424	5008	5289	5433	5341	5343	5076	5068	5072	4938	5084	5201	5205	5144	5002	4965	4919
8	8	3028	3989	4216	4189	4594	5021	5100	4928	4973	4786	4774	4723	4569	4730	4722	4817	4675	4538	4479	4399
8	8	3202	3993	4305	4270	4708	5016	5143	4915	5009	4826	4865	4808	4646	4813	4825	4849	4817	4649	4626	4548
8	8	3372	4113	4305	4408	4708	4972	5143	5107	5003	4836	4853	4808	4646	4847	4876	4876	4805	4670	4662	4572
8	8	3372	3996	4305	4332	4712	5021	5143	5068	4979	4713	4798	4801	4652	4807	4853	4862	4788	4674	4626	4573
8	8	3375	4252	4318	4265	4770	5035	5158	5079	5062	4810	4859	4798	4703	4868	4941	4959	4884	4816	4736	4706
8	8	3546	4492	4584	4346	4774	5187	5292	5168	5140	4978	5006	4930	4818	5015	5045	5049	5020	4925	4858	4790
8	8	3543	4244	4580	4475	4836	5236	5335	5237	5170	4972	4982	4997	4863	5039	5096	5134	5031	4903	4833	4794
8	8	3378	4244	4478	4270	4879	5226	5325	5152	5117	4927	4994	4893	4812	5007	5041	5076	4942	4849	4754	4718
8	8	3714	4244	4233	4422	4708	5138	5244	5118	5026	4878	4927	4820	4729	4902	5011	5011	4901	4769	4739	4699
8	8	3202	4238	4494	4350	4650	5031	5192	4989	5020	4860	4780	4751	4639	4789	4902	4849	4770	4651	4590	4505
8	8	3375	3998	4571	4545	4712	5129	5197	5068	5092	4860	4909	4820	4748	4866	4938	4966	4853	4763	4697	4616
8	8	3543	4241	4308	4265	4764	5109	5235	5073	5081	4860	4909	4864	4761	4870	4904	4954	4870	4765	4730	4655
8	8	3375	4118	4397	4336	4703	4928	5181	5107	5015	4860	4774	4807	4703	4800	4887	4914	4842	4695	4666	4625
8	8	3538	4122	4389	4341	4659	5085	5121	5079	5062	4878	4866	4826	4703	4844	4978	4952	4931	4765	4797	4685
8	8	3031	4245	4220	4421	4831	5188	5331	5163	5163	4978	4896	4924	4824	5027	5024	5075	5002	4894	4864	4789
8	8	3370	4241	4393	4555	4831	5222	5293	5208	5326	4978	5044	4974	4901	5092	5109	5107	5068	4971	4892	4855
8	8	3204	4118	4304	4407	4831	5085	5336	5247	5223	4978	5001	4965	4901	5055	5109	5140	5097	4954	4922	4846
8	8	3546	4118	4313	4350	4826	5183	5341	5253	5254	4990	4964	5056	4907	5021	5127	5146	5092	4960	4947	4873
8	8	3369	4121	4314	4339	4651	5075	5147	4993	5086	4787	4743	4728	4638	4796	4899	4881	4818	4700	4590	4504
8	8	3369	4125	4495	4401	4722	5079	5195	5111	5061	4838	4871	4842	4741	4890	5014	4940	4888	4750	4672	4616
8	8	3369	4253	4576	4263	4889	5123	5233	5106	5128	4921	4902	4835	4747	4877	4966	4940	4876	4762	4693	4661
8	8	3372	4377	4402	4334	4827	5075	5200	5083	5103	4832	4908	4826	4760	4843	4957	4958	4865	4801	4721	4651
8	8	3542	4377	4495	4344	4770	5079	5286	5201	5175	4912	4951	4923	4734	4915	5024	5036	4948	4830	4788	4713
8	8	3542	4373	4584	4486	4770	5133	5286	5196	5175	4985	5012	4968	4837	4996	5078	5069	4971	4857	4849	4750
8	8	3542	4249	4580	4482	4774	5182	5291	5162	5186	5012	5018	4911	4843	4969	4991	5004	4948	4840	4785	4723
8	8	3540	4265	4487	4415	4831	5182	5334	5207	5258	4973	5055	4936	4881	5052	5073	5068	5014	4884	4840	4751
8	8	3374	4745	4402	4491	4836	5182	5334	5246	5258	4951	5086	5043	4933	5092	5149	5152	5115	4999	4920	4906
8	8	3196	4240	4300	4187	4701	4874	4961	5016	4932	4674	4762	4688	4568	4694	4798	4804	4722	4564	4501	4413
8	8	3365	3996	4215	4258	4605	5021	5057	4982	4985	4759	4811	4779	4664	4766	4875	4887	4817	4645	4648	4547
8	8	3196	4124	4313	4249	4834	5030	5153	5027	5087	4860	4891	4807	4741	4860	4936	4984	4900	4752	4715	4616
8	8	3367	4252	4486	4120	4829	5128	5239	5066	5068	4860	4836	4820	4747	4866	4993	5024	4924	4799	4742	4667
8	8	3367	4372	4401	4334	4763	5138	5239	5072	5165	4860	4872	4876	4766	4877	4953	4953	4870	4737	4736	4628
8	8	3362	4248	4486	4339	4648	5226	5239	5111	5093	4860	4903	4857	4747	4836	4890	4908	4823	4717	4651	4582
8	8	3020	4248	4397	4406	4658	5133	5234	5111	5110	4878	4903	4798	4773	4879	4921	4919	4865	4774	4691	4637
8	8	3026	4248	4397	4334	4772	5177	5206	5117	5207	4979	4909	4917	4773	4955	5020	5030	4960	4859	4788	4719
8	8	3367	4252	4397	4334	4772	5128	5315	5162	5129	4979	4952	4952	4779	4991	5043	5081	5050	4921	4886	4790
8	8	3365	4374	4309	4192	4711	4968	5096	4938	5003	4775	4762	4754	4582	4777	4829	4823	4758	4649	4602	4556
8	8	3365	4367	4407	4340	4725	4983	5111	5004	4996	4766	4817	4720	4626	4813	4857	4906	4831	4719	4663	4602
8	8	3365	4123	4580	4411	4896	5134	5240	5196	5164	4906	4940	4934	4812	4866	5033	5036	4949	4830	4803	4686
8	8	3368	4247	4491	4411	4887	5173	5230	5151	5092	4934	4921	4864	4812	4883	5036	4998	4960	4845	4767	4684
8	8	3536	4254	4483	4407	4773	5076	5149	5101	5092	4882	4836	4814	4709	4860	4953	4939	4895	4783	4733	4624
8	8	3368	4487	4309	4335	4782	5080	5187	5027	5087	4793	4866	4855	4709	4860	4902	4939	4901	4738	4681	4641
8	8	3536	3999	4394	4344	4887	5134	5154	5078	5056	4867	4866	4918	4716	4866	4951	4958	4853	4717	4672	4618
8	8	3363	4247	4318	4487	4768	5183	5235	5162	5098	4906	4891	4946	4741	4889	4978	5017	4854	4775	4706	4657
8	8	3195	4243	4580	4483	4725	5178	5207	5196	5146	4958	5013	4952	4767	4921	5031	5035	4979	4878	4801	4734
8	8	3533	4124	4306	4259	4590	4919	5016	4910	4890	4715	4731	4704	4594	4740	4799	4823	4776	4633	4629	4521
8	8	3362	4252	4310	4259	4657	4982	5150	5073	4948	4800	4817	4736	4664	4766	4887	4887	4818	4713	4663	4575
8	8	3362	4372	4399	4268	4776	5129	5198	5118	5098	4895	4946	4884	4741	4879	4991	4978	4926	4820	4733	4664
8	8	3365	4248	4403	4402	4828	5124	5241	5157	5134	4855	4976	4899	4741	4949	5048	5011	5019	4861	4788	4730
8	8	3533	4244	4492	4259	4766	5075	5241	5157	5128	4833	4970	4849	4741	4943	5002	4997	4978	4795	4779	4709
8	8	3367	4120	4488	4268	4714	5080	5220	5152	5092	4901	4946	4871	4735	4926	4923	5011	4954	4795	4776	4688
8	8	3709	4124	4408	4407	4776	5129	5069	5123	5098	4901	4964	4843	4709	4930	4945	4985	4924	4771	4718	4661
8	8	3706	4256	4577	4335	4823	5134	5236	5197	5128	4907	4909	4843	4722	4866	4951	4978	4889	4723	4687	4633
8	8	3530	4496	4403	4344	4728	5178	5193	5157	5098	4946	4946	4874	4773	4921	4991	5029	4913	4785	4712	4645
8	8	3361	4121	4306	4179	4653	5060	5054	4938	5015	4743	4738	4710	4639	4763	4877	4857	4770	4693	4632	4563
8	8	3535	4129	4310	4121	4719	4933	5108	4999	5057	4755	4842	4739	4645	4759	4860	4875	4801	4685	4632	4587
8	8	3703	4373	4403	4335	4824	5128	5209	5152	5087	4840	4916	4764	4761	4867	4945	4998	4908	4757	4727	4680
8	8	3529	4253	4492	4335	4719	5128	5328	5123	5063	4953	4971	4883	4722	5002	4945	5018	4961	4786	4773	4700
8	8	3359	4365	4488	4340	4829	5133	5247	5197	5135	5014	4940	4905	4773	4978	4963	5024	4961	4825	4773	4702
8	8	3356	4001	4403	4407	4781	5177	5290	5152	5140	4975	4947	4877	4780	4959	5033	5037	4961	4835	4779	4686
8	8	3190	4253	4488	4331	4881	5123	5280	5118	5165	4929	4965	4871	4793	4889	5023	5005	4955	4812	4782	4690
8	8	3529	4373	4399	4255	4710	5075	5188	5152	5093	4868	4898	4836	4729	4889	4923	4979	4937	4802	4751	4638
8	8	3359	4249	4399	4197	4705	5070	5146	5101	5082	4902	4855	4801	4684	4889	4938	5005	4912	4812	4733	4640
8	8	3529	4123	4307	4113	4771	4934	5108	4909	4895	4749	4739	4751	4601	4805	4854	4882	4848	4678	4641	4624
8	8	3529	4127	4401	4194	4767	5134	5204	5083	4990	4807	4850	4826	4703	4848	4936	4965	4896	4752	4705	4665
8	8	3529	4254	4485	4337	4719	5183	5280	5191	5128	4935	4942	4911	4806	4912	4981	5031	4966	4818	4757	4688
8	8	3526	4374	4396	4346	4829	5173	5199	5106	5103	4896	4929	4905	4774	4882	4930	4979	4889	4800	4748	4667
8	8	3360	4250	4405	4475	4776	5080	5247	5083	5170	4868	4880	4883	4671	4871	4972	4965	4849	4775	4705	4665
8	8	3697	4250	4570	4270	4829	5125	5290	5185	5134	4908	4942	4899	4767	4918	4979	5037	4931	4847	4770	4700
8	8	3355	4247	4312	4413	4771	5076	5290	5061	5145	4935	4942	4842	4754	4918	4987	5018	4907	4845	4797	4702
8	8	3358	4130	4485	4408	4776	5071	5285	5033	5206	4902	4929	4842	4793	4918	4951	5018	4889	4777	4739	4661
8	8	3523	4374	4396	4337	4819	5032	5226	5106	5117	4902	4868	4848	4742	4912	4966	4999	4889	4734	4708	4619
8	8	3353	4127	4307	4338	4534	4978	5096	4983	4943	4761	4764	4723	4627	4812	4869	4901	4842	4757	4703	4665
8	8	3356	4247	4396	4334	4648	5071	5101	5028	5056	4868	4801	4814	4678	4859	4890	4934	4894	4767	4770	4675
8	8	3524	4123	4396	4267	4653	5022	5154	5062	5092	4889	4831	4836	4685	4846	4902	4908	4841	4732	4696	4613
8	8	3356	4123	4392	4338	4719	5022	5230	5028	5092	4828	4819	4814	4698	4806	4926	4882	4835	4689	4641	4570
8	8	3527	4123	4307	4324	4824	5022	5149	5067	5087	4868	4782	4824	4653	4829	4875	4882	4823	4711	4605	4576
8	8	3524	4123	4392	4124	4714	5022	5182	5062	5051	4883	4893	4745	4666	4823	4905	4921	4829	4722	4666	4590
8	8	3351	4127	4307	4343	4762	5022	5101	5022	5051	4788	4825	4773	4627	4812	4869	4875	4812	4711	4654	4584
8	8	3183	4250	4396	4410	4648	5027	5149	5044	5056	4822	4819	4798	4678	4853	4908	4927	4871	4740	4636	4576
8	8	3353	4247	4396	4347	4657	5086	5207	5191	5092	4828	4942	4905	4691	4855	4972	4966	4901	4785	4678	4609
8	8	3523	4124	4490	4268	4714	5077	5150	5078	5068	4839	4911	4826	4710	4879	4963	4914	4896	4765	4733	4669
8	8	3187	4252	4574	4354	4781	5082	5193	5146	5164	4928	4929	4911	4729	4943	5008	4992	4984	4833	4769	4731
8	8	3526	4379	4481	4554	4886	5130	5188	5072	5081	4849	4862	4886	4787	4894	4938	4961	4935	4719	4684	4635
8	8	3358	4496	4401	4344	4771	5135	5145	5112	5015	4787	4831	4772	4703	4800	4910	4863	4794	4637	4617	4530
8	8	3529	4244	4570	4416	4767	5174	5150	5112	5045	4821	4831	4779	4684	4806	4889	4863	4787	4631	4608	4505
8	8	3526	4116	4388	4411	4719	5082	5188	5117	5020	4821	4843	4801	4691	4824	4864	4876	4776	4621	4604	4549
8	8	3358	3996	4304	4335	4833	5130	5145	5146	5087	4821	4904	4772	4620	4813	4811	4909	4812	4662	4577	4549
8	8	3531	4128	4393	4268	4824	5121	5155	5061	5068	4833	4904	4798	4658	4866	4923	4914	4877	4740	4641	4555
8	8	3699	4372	4393	4335	4724	5042	5241	5038	5182	4900	4911	4905	4722	4902	4963	5011	4925	4785	4705	4607
9	9	3531	4499	4688	4357	4909	5454	5636	5518	5566	5318	5368	5300	5251	5412	5532	5558	5474	5338	5313	5234
9	9	3697	4376	4680	4705	5124	5503	5701	5507	5615	5422	5466	5461	5335	5538	5616	5664	5596	5404	5425	5359
9	9	3358	4376	4515	4562	4967	5513	5545	5450	5483	5290	5356	5322	5193	5429	5511	5539	5474	5328	5331	5271
9	9	3531	4383	4777	4572	5138	5611	5689	5624	5577	5498	5442	5489	5379	5591	5703	5705	5641	5526	5512	5471
9	9	3699	4623	4688	4700	5133	5596	5813	5720	5716	5508	5540	5590	5469	5736	5833	5895	5806	5670	5694	5636
9	9	3531	4376	4692	4496	5081	5454	5765	5563	5674	5379	5448	5527	5328	5672	5769	5817	5777	5697	5700	5638
9	9	3530	4499	4773	4638	5028	5459	5727	5573	5576	5372	5478	5414	5315	5542	5594	5616	5545	5441	5356	5340
9	9	3530	4376	4604	4638	5181	5552	5755	5641	5703	5372	5570	5486	5418	5611	5718	5695	5627	5564	5505	5447
9	9	3530	4376	4781	4643	4971	5513	5631	5573	5601	5378	5435	5448	5334	5542	5651	5649	5605	5523	5477	5398
9	9	3530	4383	4781	4714	5195	5606	5679	5652	5654	5430	5540	5533	5424	5655	5752	5744	5771	5626	5566	5535
9	9	3533	4619	4773	4710	5124	5547	5702	5635	5733	5507	5576	5508	5443	5694	5842	5883	5818	5700	5667	5638
9	9	3696	4248	4599	4634	4957	5454	5545	5528	5553	5366	5454	5407	5309	5576	5690	5747	5722	5603	5621	5597
9	9	3533	4373	4695	4651	5137	5508	5674	5483	5576	5384	5466	5420	5321	5541	5635	5661	5593	5435	5417	5329
9	9	3706	4377	4864	4861	5137	5557	5684	5573	5720	5457	5534	5534	5462	5654	5741	5746	5693	5579	5530	5433
9	9	3875	4497	4699	4780	5151	5571	5781	5657	5725	5497	5583	5553	5442	5718	5785	5797	5724	5655	5582	5537
9	9	3701	4381	4957	4642	5317	5718	5866	5696	5756	5531	5675	5638	5558	5714	5927	5894	5866	5771	5710	5628
9	9	3528	4625	4779	4709	5251	5703	5841	5680	5708	5525	5650	5612	5494	5740	5862	5863	5823	5740	5746	5608
9	9	3360	4497	4771	4642	5137	5542	5631	5562	5636	5491	5522	5505	5424	5588	5701	5753	5699	5626	5597	5464
9	9	3366	4367	4605	4643	5023	5620	5813	5608	5714	5430	5594	5505	5436	5718	5789	5778	5765	5647	5593	5524
9	9	3707	4243	4863	4714	5137	5699	5765	5602	5678	5519	5563	5540	5520	5688	5775	5823	5800	5668	5609	5542
9	9	3702	4247	4681	4719	5142	5513	5722	5590	5683	5470	5576	5581	5443	5697	5808	5862	5777	5666	5627	5522
9	9	3366	4371	4592	4790	5194	5606	5732	5776	5714	5559	5631	5625	5450	5801	5851	5920	5860	5730	5667	5608
9	9	3705	4367	4601	4781	5133	5552	5803	5692	5683	5479	5582	5556	5444	5710	5819	5889	5811	5662	5621	5577
9	9	3534	4247	4770	4643	5071	5503	5669	5642	5697	5412	5490	5493	5322	5558	5701	5772	5711	5600	5532	5498
9	9	3538	4369	4779	4786	5144	5707	5678	5658	5756	5445	5564	5527	5443	5695	5741	5778	5753	5657	5563	5484
9	9	3706	4369	4784	4715	5201	5600	5726	5686	5720	5412	5571	5505	5443	5688	5741	5817	5770	5651	5602	5497
9	9	3535	4373	4868	4706	5192	5497	5759	5602	5703	5406	5577	5521	5424	5652	5716	5779	5740	5597	5563	5494
9	9	3538	4501	4779	4577	5087	5468	5663	5563	5606	5372	5466	5458	5353	5599	5637	5681	5657	5505	5496	5422
9	9	3706	4625	4779	4782	5187	5639	5572	5557	5661	5372	5509	5424	5373	5576	5652	5727	5663	5509	5468	5409
9	9	3535	4609	4779	4639	5011	5399	5544	5518	5553	5366	5405	5395	5316	5544	5612	5669	5597	5451	5407	5343
10	10	3154	3970	3923	3820	4205	4423	4420	4295	4168	3955	3909	3845	3757	3872	3906	3840	3750	3571	3443	3309
10	10	3491	3850	3927	4029	4157	4379	4425	4261	4179	3983	3903	3889	3789	3866	3921	3872	3786	3583	3464	3330
10	10	3154	3973	4020	3953	4272	4428	4463	4300	4245	3949	3884	3838	3802	3849	3887	3859	3786	3604	3410	3332
10	10	3493	3981	4105	3891	4267	4428	4425	4306	4221	3967	3964	3886	3763	3878	3889	3897	3804	3583	3450	3328
10	10	3320	4217	4020	4034	4214	4423	4468	4351	4293	4068	4044	3964	3814	3927	4025	3956	3863	3622	3517	3392
10	10	3152	3842	4105	4034	4276	4379	4468	4385	4287	4056	3988	3930	3827	4002	3988	3937	3869	3645	3526	3406
10	10	3323	3730	4012	4029	4319	4438	4468	4351	4240	3995	4007	3901	3866	3944	3997	3897	3840	3662	3504	3400
10	10	3148	3839	3924	3811	4206	4287	4378	4256	4163	3982	3854	3810	3745	3842	3892	3859	3768	3578	3425	3338
10	10	3317	3596	4009	3887	4149	4478	4416	4251	4144	3943	3939	3854	3725	3873	3950	3885	3786	3594	3425	3330
10	10	3143	3723	3929	3949	4153	4429	4378	4222	4235	3927	3909	3810	3751	3978	3928	3898	3786	3594	3437	3344
10	10	2978	3847	4098	3802	4210	4424	4421	4301	4138	4034	3909	3867	3764	3931	3935	3891	3786	3619	3486	3363
10	10	3317	3851	3924	3744	4215	4380	4421	4312	4221	4068	3927	3892	3821	3950	3968	3949	3786	3697	3551	3425
10	10	3148	3979	4022	3963	4272	4444	4441	4402	4305	4068	4044	3999	3859	4033	4029	4032	3847	3749	3621	3494
10	10	3317	4099	4187	4025	4268	4581	4603	4464	4365	4068	4136	3958	3898	4061	4081	4073	4000	3767	3651	3520
10	10	3317	3973	4009	3953	4216	4528	4554	4351	4288	4067	4013	3942	3841	3961	3995	4007	3917	3707	3620	3498
10	10	3317	3973	3929	3891	4259	4425	4468	4380	4252	4061	3976	3951	3815	3955	4007	3989	3869	3701	3562	3444
10	10	3320	3970	4102	4029	4106	4391	4473	4295	4263	4028	3946	3879	3809	3919	3913	3930	3828	3666	3525	3374
10	10	3486	3846	4013	3967	4325	4537	4511	4267	4324	4028	3964	3929	3796	3884	3962	3930	3816	3629	3510	3364
10	10	3147	3846	4022	4100	4211	4537	4468	4351	4263	4040	4044	3907	3847	3944	3989	3949	3834	3674	3523	3426
10	10	3315	3854	4195	3958	4216	4537	4479	4385	4335	4107	3988	3948	3860	3991	4017	4001	3864	3726	3578	3476
10	10	3149	4101	4106	3948	4268	4533	4554	4357	4329	4107	4013	3992	3898	3997	4025	3994	3928	3757	3626	3478
10	10	3148	4088	4019	3879	4263	4430	4464	4342	4253	4016	3952	3911	3803	3955	3998	3963	3863	3677	3565	3445
10	10	3317	3721	4100	3812	4154	4425	4426	4302	4242	3949	3977	3810	3758	3931	3956	3917	3804	3613	3495	3374
10	10	3148	3848	3930	3883	4211	4381	4464	4313	4181	3961	3952	3879	3790	3938	3956	3950	3805	3668	3516	3370
10	10	3319	3972	4100	3874	4211	4435	4426	4381	4242	4028	3983	3942	3809	3967	3974	3937	3864	3685	3550	3435
10	10	3314	3968	3926	3740	4216	4479	4464	4302	4181	4028	3977	3958	3796	3978	4019	3956	3870	3679	3577	3436
10	10	2983	3848	4007	3892	4273	4435	4421	4308	4242	4028	3959	3895	3841	3938	3949	3944	3822	3662	3519	3408
10	10	3658	3972	3833	4021	4277	4479	4416	4336	4175	4022	4008	3873	3803	3955	3922	3911	3786	3644	3489	3389
10	10	3310	3845	3925	4029	4209	4421	4469	4263	4175	3948	3884	3902	3809	3843	3907	3886	3798	3611	3455	3354
10	10	2977	3845	4018	3948	4209	4328	4474	4302	4222	3954	3799	3908	3790	3855	3941	3852	3794	3613	3455	3343
10	10	3489	3848	4107	3810	4219	4396	4512	4319	4294	3999	3995	3949	3834	3940	4014	3968	3900	3705	3574	3443
10	10	3484	3968	4099	3891	4328	4587	4469	4432	4289	4072	4056	3999	3911	4068	4114	4066	3954	3814	3693	3573
10	10	3140	3841	3925	4024	4271	4528	4474	4381	4264	4100	4050	3958	3905	4009	4074	4001	3929	3767	3687	3542
10	10	2974	3717	4010	3882	4266	4430	4517	4302	4330	4060	4019	3902	3867	3955	4004	3982	3864	3703	3589	3476
10	10	3310	3721	3925	3886	4219	4430	4507	4308	4283	4021	4013	3902	3809	3938	3964	3982	3876	3728	3562	3472
10	10	3138	3722	4103	3800	4089	4281	4286	4251	4062	3845	3805	3746	3713	3755	3831	3775	3644	3516	3342	3283
10	10	2967	3850	4010	3737	4151	4428	4382	4234	4181	3952	3860	3844	3693	3885	3892	3866	3739	3586	3439	3321
10	10	2967	3970	3929	3889	4217	4438	4473	4402	4270	4016	4001	3932	3757	3963	3987	3942	3853	3722	3580	3464
10	10	2970	3850	4107	4032	4336	4536	4532	4476	4378	4184	4105	4080	3942	4093	4106	4097	4001	3851	3739	3632
10	10	3143	3977	4107	4032	4389	4541	4661	4447	4384	4184	4172	4102	4052	4134	4154	4195	4059	3915	3824	3706
10	10	3317	4101	4111	4032	4336	4590	4655	4521	4431	4190	4191	4080	3981	4123	4182	4137	4036	3884	3796	3690
10	10	3487	4093	4200	4037	4393	4590	4613	4476	4492	4206	4136	4102	3988	4157	4190	4124	4053	3909	3747	3700
11	11	2984	3846	4013	3948	4080	4273	4275	4079	4051	3820	3695	3615	3585	3832	3913	3929	3817	3551	3326	3158
11	11	3152	3722	3932	3801	4032	4317	4280	4074	4092	3780	3719	3715	3565	3890	3950	3989	3822	3598	3372	3176
11	11	2984	3726	4097	3734	4137	4273	4323	4040	4111	3747	3689	3646	3591	3818	3897	3899	3762	3524	3271	3099
11	11	3152	3850	3835	3806	4032	4317	4323	4090	4009	3753	3701	3602	3597	3737	3810	3820	3716	3477	3229	3068
11	11	2986	3853	3928	3820	4141	4268	4318	4158	4045	3792	3762	3659	3629	3790	3886	3891	3787	3544	3280	3116
11	11	3328	3973	4008	4024	4094	4273	4275	4079	4051	3832	3762	3665	3655	3820	3928	3936	3793	3582	3302	3172
11	11	3325	3853	3839	3882	4203	4317	4280	4079	4075	3865	3762	3674	3636	3837	3928	3937	3799	3542	3317	3170
11	11	3157	3973	4030	3882	4141	4268	4323	4090	4015	3859	3750	3615	3572	3820	3922	3891	3763	3520	3311	3110
11	11	3328	3857	4283	3886	4089	4268	4318	4163	4087	3826	3707	3722	3617	3843	3895	3905	3751	3503	3296	3133
11	11	3328	4105	4025	3953	4146	4278	4275	4135	4075	3832	3787	3681	3585	3812	3842	3796	3685	3460	3271	3074
11	11	3325	4101	4199	3877	4151	4375	4290	4214	4003	3859	3725	3624	3553	3694	3743	3710	3602	3363	3198	2985
11	11	3154	3981	4106	3801	4203	4371	4409	4203	3992	3820	3731	3618	3527	3688	3745	3718	3583	3388	3149	2989
11	11	3157	4101	4021	3739	4137	4322	4318	4129	3931	3798	3762	3596	3533	3664	3700	3639	3508	3334	3109	2944
11	11	3158	3850	4101	3948	4032	4322	4275	4163	4038	3793	3658	3653	3565	3736	3816	3814	3669	3431	3204	3075
11	11	3163	3857	3928	3810	4146	4322	4280	4129	4008	3820	3707	3625	3584	3790	3900	3859	3764	3493	3295	3106
11	11	3497	4101	4021	3876	4141	4322	4313	4163	4038	3787	3792	3631	3571	3813	3894	3903	3816	3539	3308	3102
11	11	2987	3973	4101	3810	4084	4327	4232	4124	4002	3787	3762	3659	3616	3794	3854	3963	3757	3547	3320	3141
11	11	3155	3850	3924	3872	4089	4375	4275	4124	4002	3781	3743	3647	3591	3717	3784	3867	3703	3444	3243	3072
11	11	2982	3850	3924	3734	4137	4375	4280	4124	4008	3753	3658	3603	3591	3726	3801	3793	3652	3401	3204	3059
11	11	2816	3850	3924	3805	4027	4361	4323	4118	4044	3775	3688	3659	3597	3830	3915	3911	3780	3530	3277	3128
11	11	3152	3853	3915	3805	4089	4219	4318	4084	4038	3713	3694	3659	3623	3777	3873	3865	3710	3487	3243	3069
11	11	2814	3973	3750	3805	4141	4268	4280	4113	4002	3753	3725	3641	3597	3722	3836	3860	3714	3466	3231	3060
11	11	2987	3853	4013	3810	4089	4268	4313	4034	4013	3793	3719	3549	3476	3592	3696	3680	3542	3349	3100	2954
11	11	3155	3970	3924	3881	4141	4268	4222	4039	4080	3820	3688	3527	3418	3564	3654	3556	3466	3293	3045	2923
11	11	2987	3730	3924	3867	4089	4263	4179	4084	4038	3775	3682	3549	3489	3628	3660	3595	3495	3271	3066	2940
11	11	3152	3973	3920	3658	4137	4224	4189	4113	4008	3713	3658	3521	3475	3605	3681	3582	3477	3260	3082	2917
11	11	3496	3850	3927	3805	4089	4322	4279	4085	4043	3781	3627	3596	3547	3701	3791	3730	3633	3390	3165	3014
11	11	3157	3842	4016	3814	4146	4327	4317	4124	4048	3765	3694	3631	3508	3731	3797	3781	3681	3415	3235	3046
11	11	3325	3610	4020	3952	4156	4375	4274	4130	4084	3854	3731	3653	3578	3754	3837	3891	3735	3493	3302	3105
11	11	3160	4097	4105	3890	4260	4380	4284	4169	4084	3787	3755	3625	3636	3754	3895	3905	3751	3502	3286	3077
11	11	3499	3853	4012	4024	4146	4410	4375	4164	4079	3781	3731	3631	3559	3741	3855	3802	3632	3405	3210	3051
11	11	3328	3977	3931	3881	4146	4219	4413	4135	4048	3747	3755	3653	3566	3701	3797	3736	3628	3347	3229	3006
11	11	3325	3981	4100	3881	4146	4278	4365	4203	4067	3753	3737	3625	3579	3737	3837	3807	3728	3425	3268	3054
11	11	3154	4097	3931	3872	4146	4371	4322	4135	3976	3793	3780	3631	3540	3790	3901	3911	3758	3477	3278	3110
11	11	3160	3853	4109	3729	4146	4317	4317	4198	4084	3827	3700	3653	3585	3782	3876	3886	3697	3495	3295	3107
11	11	3499	3973	4105	3747	4137	4263	4274	4085	4084	3821	3755	3619	3559	3671	3779	3737	3573	3395	3170	3010
11	11	3328	3850	4020	4033	4027	4224	4279	4124	4073	3793	3718	3596	3559	3688	3736	3686	3561	3339	3131	2946
11	11	3325	3850	4100	4024	4080	4322	4317	4135	4007	3827	3688	3606	3547	3639	3711	3634	3501	3310	3121	2931
11	11	3154	3850	3927	3876	4027	4327	4279	4203	4054	3803	3688	3534	3489	3565	3633	3595	3449	3283	3067	2944
11	11	3326	3848	4021	3739	4143	4262	4221	4158	3960	3708	3652	3543	3464	3546	3614	3595	3430	3219	3033	2919
11	11	3321	3724	4097	3872	4086	4218	4178	4090	3954	3714	3652	3486	3464	3546	3584	3530	3448	3205	3037	2890
11	11	2977	3721	3839	3744	4086	4272	4188	4163	3930	3747	3658	3512	3483	3565	3664	3612	3532	3291	3113	2928
11	11	2814	3601	4013	3944	4095	4311	4274	4124	4007	3759	3695	3619	3553	3648	3810	3774	3651	3421	3208	3040
11	11	3323	3728	3920	3744	4200	4208	4269	4118	4043	3821	3726	3596	3534	3688	3868	3840	3740	3491	3253	3104
11	11	3153	3856	3839	3944	4090	4169	4236	4073	4038	3793	3726	3625	3553	3703	3853	3807	3740	3464	3259	3105
11	11	3153	3972	4021	3739	4143	4267	4317	4039	3996	3827	3732	3619	3528	3812	3861	3820	3727	3468	3250	3070
11	11	3153	3732	4114	3877	4081	4272	4264	4084	3971	3815	3756	3584	3509	3701	3800	3776	3661	3423	3183	3043
11	11	3153	3980	4190	3796	4028	4316	4193	4124	4049	3759	3720	3574	3438	3712	3718	3691	3561	3372	3162	3008
11	11	3153	3984	3928	3658	4090	4277	4312	4118	4074	3827	3695	3653	3470	3665	3685	3672	3538	3328	3153	2994
11	11	3155	4096	4021	3739	4147	4365	4226	4084	4002	3821	3720	3619	3489	3652	3754	3666	3561	3326	3156	2975
11	11	3329	3728	4101	3882	4147	4262	4231	4129	4013	3793	3689	3590	3470	3605	3633	3640	3507	3283	3113	2931
11	11	3497	3852	3936	3877	4152	4233	4279	4174	4079	3827	3689	3603	3502	3611	3673	3633	3491	3300	3101	2931
11	11	3492	3977	4100	3810	4080	4365	4312	4073	4038	3759	3683	3591	3470	3611	3661	3575	3526	3286	3082	2952
11	11	3154	3857	3923	3881	4033	4272	4227	4044	3996	3814	3652	3578	3490	3628	3663	3601	3520	3199	3076	2952
11	11	3322	3973	3927	3876	4142	4321	4232	4112	3960	3747	3652	3534	3464	3598	3606	3608	3496	3238	3061	2934
11	11	3154	3733	4012	3805	4085	4316	4270	4039	3971	3747	3658	3597	3483	3587	3652	3594	3509	3286	3104	2915
11	11	3319	3981	3923	3810	4090	4272	4232	4078	4043	3753	3683	3638	3554	3660	3743	3697	3604	3387	3198	2986
11	11	2983	3973	3931	3876	4147	4316	4270	4089	4038	3793	3664	3682	3528	3747	3758	3762	3621	3424	3161	3021
11	11	3324	3730	4096	3814	4133	4267	4232	4168	3996	3820	3720	3638	3515	3717	3724	3705	3615	3372	3134	3016
11	11	3322	3853	3834	3943	3975	4272	4275	4163	3971	3793	3689	3676	3464	3675	3676	3634	3573	3310	3116	2973
11	11	3154	3850	3923	3729	4142	4316	4270	4123	4038	3820	3695	3578	3470	3611	3655	3601	3502	3271	3122	2973
11	11	3324	3733	3923	3738	4090	4262	4237	4123	4007	3793	3726	3515	3496	3622	3642	3608	3484	3249	3055	2961
11	11	3324	3981	3927	3872	4147	4218	4318	4123	4043	3814	3726	3500	3509	3581	3625	3575	3443	3251	3058	2925
11	11	3319	3981	4016	3734	4142	4262	4275	4118	4043	3759	3707	3550	3535	3586	3691	3569	3466	3282	3073	2898
11	11	2980	3973	4012	3810	4076	4213	4275	4078	4026	3820	3615	3522	3451	3534	3621	3529	3449	3238	3027	2882
11	11	2979	3735	3920	3804	4076	4273	4264	4118	4038	3753	3622	3459	3457	3558	3621	3582	3461	3209	3061	2884
11	11	3318	3975	3843	3804	3966	4322	4188	4084	3996	3781	3652	3493	3444	3598	3619	3549	3478	3222	3061	2864
11	11	3145	3727	4101	3809	4023	4322	4269	4124	3966	3741	3646	3534	3483	3581	3676	3556	3466	3236	3042	2862
11	11	2977	3735	3924	3866	4028	4317	4221	4118	4007	3725	3615	3585	3444	3592	3661	3536	3461	3217	3040	2903
11	11	3150	3978	3924	3661	4090	4268	4188	4084	4032	3814	3628	3556	3489	3577	3701	3619	3562	3312	3140	2951
11	11	3316	3851	3928	3804	4142	4263	4269	4113	3954	3747	3689	3569	3451	3681	3746	3691	3573	3339	3131	2994
11	11	2979	3731	4021	3804	4094	4219	4231	4039	3935	3741	3689	3625	3418	3641	3695	3672	3514	3329	3152	2988
11	11	3318	3855	4106	3804	4199	4278	4274	4090	4043	3713	3695	3632	3502	3658	3718	3678	3550	3339	3155	2967
11	11	3153	3855	4017	3813	4085	4371	4274	4174	4038	3759	3720	3648	3527	3634	3655	3679	3538	3304	3119	2953
11	11	3489	3859	4017	3952	4094	4322	4279	4202	4002	3820	3683	3591	3515	3622	3655	3608	3484	3242	3091	2928
11	11	3147	3982	4021	3880	4204	4327	4332	4124	4013	3799	3671	3603	3482	3613	3680	3619	3480	3252	3092	2927
11	11	3153	3986	4110	3876	4147	4371	4403	4124	4074	3854	3762	3660	3566	3747	3758	3750	3615	3374	3168	3038
11	11	3492	4110	4106	3804	4151	4322	4274	4140	4019	3781	3756	3654	3585	3711	3750	3691	3610	3390	3161	3007
11	11	3146	3975	3844	3800	4035	4273	4273	4129	4049	3753	3700	3603	3508	3695	3722	3730	3597	3363	3144	3001
11	11	3146	3731	4187	3738	4202	4322	4278	4157	4079	3787	3737	3629	3540	3669	3733	3724	3567	3388	3159	2990
11	11	3143	3855	3916	3886	4145	4317	4311	4095	4037	3793	3620	3519	3476	3582	3640	3640	3472	3310	3083	2951
11	11	2978	3859	3831	3943	4140	4273	4230	4197	4007	3815	3651	3648	3514	3605	3682	3627	3491	3271	3101	2976
11	11	3314	3982	3920	3738	4083	4307	4273	4084	4037	3753	3651	3585	3451	3586	3670	3621	3561	3248	3134	2926
11	11	2975	3975	3916	3872	4078	4165	4268	4112	3990	3787	3645	3569	3418	3541	3627	3556	3473	3244	3104	2924
11	11	3146	3731	3836	3738	4026	4234	4225	4039	3935	3787	3620	3619	3483	3629	3634	3601	3520	3289	3116	2947
11	11	3140	3859	4005	3872	4078	4415	4225	4078	4032	3775	3645	3572	3444	3593	3642	3602	3484	3285	3116	2913
11	11	2804	3978	3827	3734	4021	4268	4235	4078	3965	3714	3633	3512	3501	3565	3625	3574	3461	3230	3071	2895
11	11	3143	3851	3827	3796	4026	4263	4311	4084	4001	3747	3718	3619	3521	3629	3691	3660	3544	3333	3134	2959
11	11	2975	3727	3836	3667	4078	4214	4225	4123	4013	3747	3688	3591	3501	3611	3634	3621	3514	3300	3110	2967
11	11	3140	3731	4013	3876	4031	4224	4235	4123	4079	3759	3694	3591	3540	3641	3686	3652	3509	3331	3144	2972
11	11	2804	3855	4013	3805	4150	4327	4326	4129	4043	3821	3725	3591	3572	3665	3773	3749	3573	3388	3177	3003
11	11	2980	3978	3835	3943	4088	4219	4278	4124	4008	3742	3689	3642	3552	3659	3734	3692	3580	3345	3156	2988
11	11	3490	3862	4012	3734	4131	4278	4316	4124	4038	3715	3682	3564	3520	3623	3794	3660	3574	3326	3113	2955
11	11	3317	4102	4004	3805	3974	4376	4273	4119	4008	3754	3670	3592	3482	3582	3691	3608	3503	3264	3071	2905
11	11	3148	3859	3830	3805	4146	4371	4278	4085	4049	3782	3756	3598	3456	3612	3640	3588	3521	3244	3059	2916
11	11	3319	3978	3923	3814	4146	4312	4321	4119	4080	3748	3725	3627	3552	3629	3682	3647	3550	3283	3104	2961
11	11	3319	3859	4012	3952	4150	4219	4321	4101	4049	3760	3719	3633	3526	3612	3695	3640	3504	3306	3111	2932
11	11	3319	3986	4012	3881	4203	4273	4326	4259	4085	3821	3689	3655	3526	3648	3737	3646	3574	3328	3132	2963
11	11	3314	4102	4012	3886	4150	4317	4364	4253	4080	3794	3707	3627	3526	3688	3743	3718	3574	3351	3141	3023
11	11	2975	3859	4012	3952	4193	4273	4326	4208	4055	3821	3787	3639	3533	3684	3752	3698	3574	3367	3144	2994
11	11	3148	3978	4012	3881	4031	4322	4374	4169	4116	3794	3738	3683	3540	3735	3697	3686	3568	3355	3171	2994
11	11	3314	3862	4012	3876	4141	4327	4402	4169	4038	3827	3781	3627	3475	3659	3655	3628	3544	3291	3113	2975
11	11	2978	4102	4004	3819	4084	4376	4273	4169	4002	3821	3695	3627	3526	3635	3642	3594	3533	3227	3083	2932
11	11	3319	3855	3839	4024	4084	4371	4283	4169	4002	3788	3725	3633	3533	3667	3643	3691	3569	3314	3108	2963
11	11	3314	3858	3926	3808	4021	4225	4310	4084	4068	3781	3565	3542	3494	3678	3718	3666	3562	3333	3105	2967
11	11	2975	3855	4099	3866	4021	4318	4224	4123	3960	3742	3694	3608	3482	3595	3649	3634	3514	3282	3092	2940
11	11	3146	3731	4006	3661	4030	4264	4214	4118	3960	3726	3718	3523	3430	3554	3640	3576	3467	3220	3056	2905
11	11	3140	3731	3922	3794	4135	4210	4138	4084	3955	3809	3675	3530	3437	3571	3676	3543	3437	3205	3047	2884
11	11	2804	3738	4010	3652	4030	4166	4229	4118	3913	3714	3620	3558	3456	3567	3649	3608	3449	3255	3062	2882
11	11	3146	3982	4010	3661	4144	4215	4272	4095	3883	3742	3663	3571	3455	3643	3627	3600	3456	3279	3087	2936
11	11	3146	3855	4002	3808	4130	4225	4282	4207	3936	3726	3712	3621	3564	3673	3646	3686	3526	3327	3148	2994
11	11	3146	3735	3833	3870	3968	4318	4358	4157	4044	3815	3651	3605	3590	3697	3722	3672	3539	3308	3154	3001
11	11	3143	3858	4006	3727	4087	4264	4282	4084	4044	3748	3663	3674	3577	3697	3758	3743	3580	3397	3169	3021
11	11	2983	3858	3913	3737	4135	4230	4363	4129	4049	3754	3718	3718	3532	3709	3737	3736	3616	3413	3181	3055
11	11	3658	3858	3824	3875	4025	4367	4315	4173	4080	3787	3694	3643	3558	3731	3731	3751	3633	3382	3187	3048
11	11	3148	3862	3833	3813	4083	4274	4272	4202	4049	3781	3718	3564	3533	3650	3691	3660	3508	3288	3114	2926
11	11	3317	3982	4010	3946	4078	4323	4272	4129	4074	3748	3681	3580	3437	3690	3634	3615	3455	3255	3077	2905
11	11	3323	3984	3936	3955	4134	4323	4277	4123	4049	3787	3718	3593	3520	3654	3676	3660	3503	3343	3144	2975
11	11	3323	3984	4279	3942	4029	4318	4310	4118	4080	3781	3687	3580	3500	3614	3667	3627	3497	3283	3090	2944
11	11	3325	3980	4021	3737	4143	4269	4234	4095	4038	3759	3694	3536	3526	3644	3728	3659	3497	3300	3117	2985
11	11	3491	3856	4186	3884	4138	4279	4320	4191	4008	3809	3730	3574	3520	3667	3779	3698	3557	3293	3148	3002
11	11	3149	3860	3923	3951	4086	4372	4315	4044	4032	3720	3749	3495	3482	3648	3718	3667	3550	3271	3117	2967
11	11	3149	3984	4016	3884	4143	4333	4277	4129	3966	3793	3694	3542	3455	3603	3667	3569	3485	3267	3059	2958
11	11	3149	3984	4105	3951	4143	4421	4320	4173	4013	3833	3718	3627	3564	3697	3709	3619	3527	3318	3129	2985
11	11	3152	3984	4109	3889	4143	4318	4315	4207	4085	3854	3706	3627	3590	3703	3722	3757	3610	3361	3184	3027
11	11	3317	3980	4194	4022	4143	4269	4277	4163	4080	3787	3792	3627	3577	3708	3739	3686	3615	3333	3157	3037
11	11	2978	3852	4109	3879	4138	4274	4320	4139	4049	3799	3761	3640	3532	3650	3686	3672	3557	3331	3151	3019
11	11	3154	3732	4190	3884	4081	4318	4315	4247	4080	3860	3755	3678	3545	3691	3767	3725	3627	3382	3187	3020
11	11	3496	3852	4016	3942	4091	4269	4277	4163	4049	3833	3724	3599	3507	3667	3676	3634	3544	3300	3120	2915
11	11	3496	3732	4105	3732	4200	4274	4310	4123	4074	3848	3724	3621	3539	3648	3648	3601	3461	3281	3092	2954
12	12	3852	4902	5259	5337	5941	6530	6729	6728	6783	6545	6611	6606	6473	6647	6662	6683	6590	6393	6344	6268
12	12	4020	4898	5259	5395	5884	6471	6681	6667	6664	6438	6501	6464	6339	6487	6568	6607	6454	6282	6240	6197
12	12	3847	4778	5255	5181	5870	6369	6618	6504	6586	6380	6397	6426	6179	6398	6437	6446	6316	6200	6142	6093
12	12	3679	4898	5171	5185	5703	6315	6467	6475	6550	6258	6348	6288	6070	6334	6370	6334	6224	6093	6005	5945
12	12	4021	5153	5533	5408	6008	6574	6765	6661	6779	6493	6623	6553	6352	6521	6579	6563	6447	6315	6203	6157
12	12	4019	5022	5351	5399	6003	6427	6636	6463	6635	6319	6402	6332	6147	6344	6343	6309	6181	6049	5975	5915
12	12	3851	4782	5258	5251	5932	6427	6636	6480	6623	6309	6366	6361	6160	6316	6407	6321	6158	6043	5981	5883
12	12	4024	5025	5169	5184	5770	6437	6631	6603	6563	6443	6372	6386	6217	6412	6438	6411	6283	6183	6051	5966
12	12	3850	5024	5271	5257	5999	6428	6679	6587	6671	6432	6543	6480	6327	6464	6583	6516	6448	6247	6173	6096
12	12	3847	4908	5435	5257	5870	6423	6636	6508	6629	6353	6458	6382	6128	6398	6422	6413	6324	6138	6051	5992
12	12	3676	5148	5173	5248	5708	6369	6611	6497	6576	6274	6311	6300	6033	6302	6342	6310	6215	5991	5931	5870
12	12	3676	4900	5254	5105	5823	6310	6396	6418	6462	6188	6188	6168	5949	6196	6196	6200	6013	5890	5806	5723
12	12	3852	4908	5173	5176	5762	6265	6449	6379	6410	6212	6176	6234	6032	6244	6267	6225	6128	5940	5913	5820
12	12	4020	5028	5258	5118	5757	6270	6497	6418	6542	6239	6293	6297	6071	6261	6346	6277	6174	6010	5937	5859
12	12	3847	4900	5169	5323	5696	6309	6530	6413	6459	6200	6256	6300	6007	6212	6293	6226	6079	5934	5827	5772
12	12	3679	4780	5173	5181	5643	6221	6459	6395	6404	6184	6232	6206	5981	6163	6231	6172	6070	5880	5843	5746
12	12	3506	4773	4904	4877	5520	5848	6074	5901	5979	5839	5888	5844	5808	5943	6009	6041	5939	5833	5828	5771
12	12	3845	4773	5170	4896	5582	6005	6223	6086	6297	6025	6060	6039	5994	6203	6273	6353	6253	6144	6145	6053
12	12	3677	4773	5170	5177	5634	6113	6390	6283	6278	6120	6164	6159	6032	6291	6391	6418	6342	6233	6227	6162
12	12	3848	4777	5170	5119	5591	6220	6373	6310	6392	6123	6237	6206	6090	6280	6415	6425	6323	6212	6129	6097
12	12	3501	4642	4980	4879	5502	5893	6146	6060	6173	5934	6067	6062	5956	6178	6267	6315	6284	6163	6158	6114
12	12	3501	4646	4895	4879	5340	5937	6060	6060	6125	5950	6006	6119	5969	6210	6383	6450	6433	6351	6369	6336
12	12	3501	4766	4984	4870	5445	5878	6050	6049	6053	5837	6006	6087	6008	6289	6464	6542	6514	6462	6490	6443
12	12	3506	4646	4988	4750	5363	5825	6015	6024	6099	5830	6043	5996	5975	6174	6373	6445	6359	6301	6264	6249
13	13	3173	4121	4241	4110	4522	4811	4852	4710	4640	4429	4401	4290	4224	4394	4385	4348	4233	4095	3946	3815
13	13	3171	4125	4418	4110	4522	4860	4814	4716	4670	4457	4456	4330	4333	4443	4434	4439	4299	4126	4032	3919
13	13	3005	4245	4414	4110	4517	4855	4862	4761	4640	4435	4425	4387	4352	4530	4467	4478	4394	4208	4099	3985
13	13	3344	4121	4330	4115	4465	4796	4910	4789	4676	4502	4413	4393	4333	4500	4516	4471	4405	4214	4095	3971
13	13	3176	4114	4406	4182	4522	4698	4943	4716	4670	4490	4358	4409	4346	4483	4506	4446	4382	4225	4056	3964
13	13	3349	3874	4144	4110	4522	4708	4857	4755	4645	4423	4407	4365	4301	4507	4431	4439	4376	4208	4077	3956
13	13	3517	4121	4232	4120	4522	4811	4867	4755	4712	4429	4480	4422	4326	4526	4537	4484	4418	4208	4092	3977
13	13	3352	4121	4237	4262	4522	4850	4943	4750	4687	4463	4407	4428	4320	4583	4543	4510	4429	4221	4099	3998
13	13	3688	4125	4330	4262	4522	4757	4857	4705	4753	4469	4492	4456	4313	4536	4565	4529	4412	4254	4120	3999
13	13	3349	4245	4414	4262	4531	4806	4867	4676	4729	4490	4474	4450	4390	4555	4571	4542	4424	4284	4135	4008
13	13	3516	3879	4331	4116	4526	4712	4857	4756	4682	4496	4455	4416	4307	4530	4440	4446	4364	4198	4083	3936
13	13	3345	4370	4415	4187	4578	4869	4862	4756	4741	4462	4437	4400	4364	4519	4508	4457	4388	4256	4120	3994
13	13	3345	4247	4331	4196	4531	4957	4895	4756	4862	4474	4504	4444	4390	4566	4586	4555	4453	4316	4129	4083
13	13	3345	4243	4411	4330	4640	4859	4814	4761	4724	4535	4535	4387	4377	4566	4565	4549	4429	4281	4107	4041
13	13	3348	4115	4237	4187	4578	4849	4862	4790	4754	4502	4523	4387	4326	4547	4559	4510	4399	4237	4080	4000
13	13	3516	3991	4331	4178	4517	4752	4900	4716	4718	4484	4461	4381	4326	4483	4537	4458	4370	4235	4068	3977
13	13	3345	3995	4411	4035	4469	4757	4852	4750	4707	4401	4461	4365	4332	4506	4525	4471	4388	4198	4107	3992
13	13	3348	4119	4229	4040	4578	4791	4819	4716	4640	4502	4461	4416	4358	4519	4489	4446	4400	4219	4092	3979
13	13	3513	4111	4149	4111	4517	4659	4900	4750	4688	4502	4455	4381	4358	4553	4510	4445	4429	4198	4092	3956
13	13	3179	3863	4331	4120	4459	4796	4862	4705	4743	4490	4431	4359	4352	4506	4510	4503	4399	4231	4110	3983
13	13	3347	3994	4150	4186	4578	4712	4809	4587	4563	4456	4327	4297	4224	4370	4419	4368	4234	4134	3968	3880
13	13	3182	4118	4323	4182	4526	4854	4809	4672	4635	4428	4394	4353	4217	4417	4483	4420	4294	4124	4029	3915
13	13	3521	4118	4238	4110	4588	4796	4819	4711	4652	4462	4425	4347	4282	4423	4476	4413	4364	4147	4029	3930
13	13	3350	4118	4323	4115	4640	4712	4900	4711	4743	4456	4437	4331	4243	4440	4461	4458	4358	4169	4035	3923
13	13	3347	4114	4251	4182	4583	4864	4862	4722	4640	4434	4492	4394	4307	4429	4489	4472	4334	4180	4056	3928
13	13	3177	3998	4598	4120	4583	4903	4895	4790	4682	4502	4449	4429	4346	4457	4498	4446	4329	4151	4065	3952
13	13	3182	4245	4420	4253	4578	4805	4819	4711	4707	4502	4406	4432	4288	4400	4455	4420	4358	4118	4038	3896
13	13	3521	4238	4416	4120	4526	4801	4910	4700	4640	4490	4474	4331	4269	4446	4443	4413	4334	4130	4007	3874
13	13	3355	3994	4331	4262	4583	4761	4948	4632	4682	4446	4376	4388	4301	4440	4425	4458	4323	4175	4019	3901
13	13	3692	4118	4420	4258	4588	4859	4900	4711	4730	4557	4492	4400	4333	4448	4504	4484	4353	4202	4068	3942
13	13	3518	3866	4324	4186	4511	4757	4851	4633	4641	4389	4351	4326	4262	4434	4455	4400	4263	4141	3992	3861
13	13	3177	3990	4315	4186	4406	4805	4813	4712	4671	4423	4357	4373	4262	4387	4455	4394	4270	4141	4013	3859
13	13	3177	3986	4142	4177	4511	4801	4851	4712	4641	4423	4388	4432	4262	4399	4455	4381	4335	4147	4010	3895
13	13	3171	3870	4231	4039	4402	4747	4803	4706	4677	4423	4388	4319	4262	4440	4455	4394	4317	4157	3964	3903
13	13	2832	4110	4231	4115	4459	4703	4765	4672	4677	4423	4388	4319	4275	4416	4461	4393	4305	4147	3977	3901
13	13	3006	3866	4226	4177	4468	4752	4813	4706	4688	4423	4388	4326	4314	4423	4470	4446	4288	4157	4019	3930
13	13	3177	3990	4142	4039	4568	4757	4851	4661	4760	4423	4381	4354	4262	4427	4433	4420	4335	4141	4031	3923
13	13	3177	3990	4226	4115	4402	4810	4808	4638	4743	4435	4345	4366	4262	4376	4455	4400	4323	4147	3986	3903
13	13	3174	3990	4146	4182	4454	4854	4808	4740	4641	4496	4320	4392	4269	4440	4455	4400	4328	4145	3986	3882
13	13	3006	3990	4319	4106	4402	4801	4813	4627	4677	4468	4369	4269	4294	4416	4455	4413	4318	4120	4010	3886
13	13	3523	4122	4506	4186	4529	4799	4774	4706	4683	4497	4418	4298	4288	4453	4405	4406	4299	4142	3997	3874
13	13	3184	4241	4417	4186	4648	4755	4898	4678	4713	4463	4406	4354	4275	4483	4427	4432	4329	4160	4040	3901
13	13	3358	4118	4405	4186	4696	4804	4860	4746	4677	4469	4491	4367	4326	4506	4439	4458	4371	4216	4071	3948
13	13	3526	4114	4147	4176	4582	4804	4898	4678	4683	4509	4461	4423	4326	4506	4494	4471	4395	4226	4071	3992
13	13	3353	4002	4320	4047	4582	4809	4860	4762	4713	4536	4448	4423	4332	4500	4524	4452	4400	4203	4065	3967
13	13	3184	4365	4240	4252	4582	4858	4903	4785	4683	4497	4412	4405	4345	4476	4488	4452	4371	4187	4049	3915
13	13	3358	4118	4413	4114	4582	4858	4898	4667	4713	4463	4522	4320	4288	4476	4496	4433	4364	4168	4037	3923
13	13	3526	4118	4324	4181	4586	4843	4855	4678	4683	4451	4455	4326	4268	4457	4454	4393	4299	4131	4019	3884
13	13	3353	4110	4324	4105	4634	4701	4855	4746	4701	4384	4418	4348	4288	4400	4442	4445	4311	4152	4043	3838
13	13	3184	3870	4320	4038	4520	4745	4855	4661	4599	4390	4387	4338	4256	4446	4405	4432	4318	4131	4028	3886
13	13	3351	4110	4411	4111	4575	4751	4808	4707	4593	4396	4259	4361	4229	4340	4426	4373	4227	4129	4013	3874
13	13	3185	3866	4318	4116	4523	4755	4798	4667	4604	4445	4351	4383	4236	4399	4420	4380	4251	4096	4016	3876
13	13	3524	3994	4225	4182	4575	4799	4722	4673	4682	4356	4357	4342	4255	4434	4405	4399	4269	4108	3991	3853
13	13	3351	4118	4141	4111	4518	4755	4808	4696	4707	4436	4388	4292	4242	4393	4420	4418	4281	4141	4007	3868
13	13	3183	4118	4234	4111	4523	4799	4818	4599	4646	4497	4394	4339	4299	4429	4418	4470	4316	4160	4025	3887
13	13	3356	4114	4327	4120	4571	4746	4899	4752	4707	4457	4424	4405	4319	4470	4487	4451	4310	4191	4046	3911
13	13	3527	3994	4416	4254	4456	4702	4856	4707	4640	4424	4418	4326	4287	4434	4496	4445	4299	4135	4004	3874
13	13	3527	4114	4411	4116	4461	4760	4856	4656	4676	4418	4400	4361	4255	4399	4460	4419	4316	4112	4037	3889
13	13	3524	3994	4318	4187	4513	4853	4856	4588	4682	4378	4461	4377	4242	4440	4481	4412	4304	4096	4013	3889
13	13	3356	4114	4238	4182	4461	4804	4856	4662	4701	4350	4443	4314	4293	4410	4475	4445	4281	4108	4016	3876
13	13	3183	4118	4317	4329	4510	4755	4813	4706	4641	4383	4393	4342	4287	4439	4496	4470	4375	4190	4052	3953
13	13	3351	4118	4233	4182	4400	4799	4851	4666	4677	4395	4411	4305	4267	4409	4441	4432	4334	4141	4007	3903
13	13	3185	4118	4322	4115	4467	4760	4813	4683	4677	4450	4350	4377	4287	4392	4417	4373	4304	4141	4025	3908
13	13	3524	4125	4322	4182	4581	4858	4856	4796	4671	4389	4362	4333	4274	4409	4475	4386	4281	4147	4065	3951
13	13	3356	4365	4322	4115	4581	4853	4861	4751	4658	4423	4424	4389	4325	4411	4454	4425	4329	4176	4056	3938
13	13	3524	4118	4322	4191	4581	4799	4909	4711	4796	4435	4430	4383	4325	4499	4460	4431	4364	4209	4065	3928
13	13	3353	4110	4326	4253	4581	4750	4947	4711	4755	4496	4454	4374	4325	4475	4493	4451	4364	4215	4062	3978
13	13	3351	3870	4406	4115	4586	4755	4909	4717	4730	4468	4436	4452	4338	4488	4536	4470	4370	4231	4105	3999
13	13	3183	4122	4233	4182	4638	4809	4942	4762	4785	4502	4491	4405	4376	4522	4530	4509	4388	4225	4129	3994
13	13	3353	4234	4322	4110	4572	4858	4851	4785	4677	4508	4460	4327	4319	4475	4502	4438	4382	4202	4101	3951
13	13	3694	3986	4138	4332	4520	4901	4813	4676	4677	4401	4484	4334	4299	4522	4515	4522	4417	4227	4122	4056
13	13	3184	3874	4227	4256	4515	4803	4856	4750	4683	4502	4423	4397	4324	4475	4530	4502	4383	4258	4085	4013
13	13	3355	4238	4231	4180	4468	4808	4856	4710	4713	4496	4423	4425	4331	4475	4496	4490	4423	4215	4076	4000
13	13	3353	3994	4316	4118	4577	4847	4856	4710	4666	4462	4411	4406	4325	4468	4441	4451	4376	4219	4073	3953
13	13	3184	4122	4231	4261	4511	4764	4856	4710	4605	4462	4356	4340	4203	4458	4392	4451	4328	4180	4027	3909
13	13	3355	4245	4311	4261	4415	4901	4856	4710	4683	4462	4393	4419	4248	4505	4384	4457	4311	4169	4040	3922
13	13	3358	4245	4138	4256	4639	4808	4866	4721	4725	4474	4429	4397	4343	4517	4445	4489	4376	4204	4089	3970
13	13	3529	4241	4231	4194	4582	4857	4947	4795	4766	4536	4478	4425	4420	4558	4521	4528	4418	4254	4147	4019
13	13	3526	4118	4320	4332	4582	4852	4899	4750	4797	4514	4558	4431	4414	4534	4551	4534	4429	4254	4159	4021
13	13	3360	4118	4324	4256	4572	4808	4861	4721	4766	4563	4484	4447	4382	4528	4515	4535	4400	4254	4113	3992
13	13	3360	4239	4137	4179	4521	4853	4872	4717	4731	4502	4460	4347	4350	4457	4542	4502	4418	4237	4125	4025
13	13	3525	4003	4222	4117	4516	4799	4981	4762	4792	4496	4466	4447	4337	4504	4556	4502	4436	4235	4156	4054
13	13	3183	4367	4133	4260	4463	4760	4819	4790	4714	4474	4491	4403	4376	4523	4535	4508	4436	4210	4168	4048
13	13	3183	4115	4137	4255	4511	4853	4900	4711	4678	4523	4442	4441	4324	4555	4523	4515	4411	4251	4168	4008
13	13	3183	3991	4230	4179	4397	4799	4842	4706	4672	4416	4356	4344	4306	4408	4462	4458	4334	4173	4073	3925
13	13	3186	3991	4323	4113	4406	4755	4733	4677	4642	4389	4399	4306	4241	4404	4417	4399	4329	4152	4021	3874
13	13	3352	3991	4408	4184	4516	4799	4905	4751	4689	4440	4466	4391	4311	4474	4487	4424	4383	4192	4037	3932
13	13	3015	3991	4319	4175	4463	4765	4895	4717	4756	4541	4497	4391	4395	4493	4527	4496	4436	4214	4131	4033
13	13	3360	3991	4319	4050	4530	4897	4819	4762	4714	4541	4491	4397	4401	4570	4584	4501	4436	4249	4159	4027
13	13	3525	3995	4310	4331	4635	4765	4905	4790	4695	4529	4472	4419	4337	4581	4563	4567	4442	4286	4107	4012
14	14	3506	3882	4136	3889	4104	4433	4330	4254	4162	3898	3798	3724	3613	3758	3765	3737	3577	3405	3246	3099
14	14	3170	3882	4136	3889	4214	4389	4330	4180	4090	3858	3792	3689	3568	3716	3731	3725	3552	3353	3191	3074
14	14	3511	3882	4131	3889	4161	4424	4340	4230	4101	3830	3779	3673	3600	3671	3714	3665	3531	3341	3167	3047
14	14	3509	3882	4038	3885	4214	4287	4421	4304	4162	3864	3853	3724	3607	3745	3768	3757	3635	3415	3234	3101
14	14	2993	4135	4230	4118	4457	4707	4764	4736	4621	4294	4270	4215	4086	4195	4251	4232	4085	3891	3772	3655
14	14	2996	4004	4230	4113	4347	4707	4754	4562	4532	4236	4221	4171	4093	4191	4237	4255	4087	3920	3774	3635
14	14	3169	3756	4230	4042	4395	4687	4637	4438	4401	4078	4111	3960	3907	3997	4034	3950	3846	3677	3496	3383
14	14	3337	3756	4217	4033	4281	4477	4379	4377	4240	3931	3988	3860	3837	3929	3935	3867	3796	3582	3383	3293
14	14	3169	4137	4311	4109	4346	4745	4538	4444	4351	4153	3999	3957	3861	3952	3986	3915	3835	3599	3476	3353
14	14	3340	4133	4049	3966	4403	4599	4662	4444	4406	4214	4073	4023	3893	4062	4112	4035	3909	3725	3582	3486
14	14	3342	4017	4142	3970	4398	4608	4629	4460	4327	4193	4036	3970	3867	3995	4045	3947	3860	3681	3546	3427
14	14	3511	4253	4226	4037	4337	4687	4705	4562	4484	4236	4269	4092	4040	4164	4265	4182	4070	3912	3780	3621
14	14	3335	3888	4058	3970	4183	4575	4586	4346	4344	4071	4006	3961	3834	3961	3990	3946	3831	3626	3489	3376
14	14	3162	4131	4316	4037	4507	4834	4694	4595	4581	4304	4269	4172	4002	4186	4204	4229	4070	3871	3726	3611
14	14	2994	4012	4130	3975	4278	4497	4533	4392	4274	4102	4061	3980	3860	4000	4029	4033	3870	3720	3601	3483
14	14	3167	4124	3961	4104	4269	4536	4593	4347	4365	4084	4067	3983	3887	4043	4100	4060	3922	3759	3646	3511
14	14	2991	3756	4045	3746	4153	4286	4345	4185	4059	3824	3779	3612	3579	3625	3657	3632	3519	3357	3217	3043
14	14	3336	4000	4050	3894	4153	4393	4469	4259	4137	3836	3871	3709	3656	3753	3796	3789	3659	3421	3280	3165
14	14	3501	3884	4138	3965	4167	4491	4441	4241	4195	3928	3895	3797	3688	3782	3758	3793	3645	3477	3290	3197
14	14	3159	4128	4130	3970	4338	4486	4565	4399	4334	4062	4030	3939	3828	4057	4023	3994	3929	3769	3610	3510
